-0.001495,0.000000,0.000000,0.000000,0.000000,0.000000,0.000000,0.000000,0.000000,0.000000,0.000000,0.000000,0.000977,0.008301,-0.007813,-0.003418,0.010712,-0.006348,0.002930,0.001953,0.001923,0.002930,0.000977,-0.002441,0.000977,0.013153,0.005829,-0.018036,-0.011200,0.013642,0.022889,-0.006836,0.012665,0.003906,0.009735,0.025330,-0.011200,-0.015107,-0.019990,0.013642,0.024842,0.001953,-0.017579,-0.003876,0.016541,0.020966,-0.005860,-0.020966,-0.005860,0.020478,0.011689,-0.006836,-0.016083,0.003418,0.022400,0.008301,-0.012696,-0.026795,0.012665,0.019959,0.008301,-0.015137,-0.013153,0.014130,0.022431,-0.003906,-0.022431,-0.005860,0.018036,0.016571,-0.009766,-0.016571,0.005371,0.023377,0.000000,-0.018036,-0.023408,0.016083,0.017060,-0.001953,-0.018525,-0.002441,0.026307,0.014618,-0.015107,-0.018036,0.009735,0.020936,0.003906,-0.022919,-0.009247,0.018982,0.017060,-0.019501,-0.017548,0.020478,0.007782,-0.017548,-0.040925,0.053590,0.066744,-0.040925,-0.096011,-0.013153,0.099887,0.048738,-0.088229,-0.075045,0.089175,0.054567,-0.058961,-0.086764,0.030213,0.075045,0.039491,-0.093600,-0.057008,0.108676,0.036530,-0.066255,-0.089693,0.053590,0.103335,-0.039979,-0.090151,0.020936,0.113559,0.013642,-0.092135,-0.057497,0.081392,0.050660,-0.090639,-0.066774,0.056520,0.074068,-0.004883,-0.103793,0.035554,0.078463,-0.001953,-0.100863,-0.043397,0.092104,0.037538,-0.099917,-0.051668,0.097476,0.044343,-0.068239,-0.078463,0.061403,0.087221,-0.056550,-0.087710,0.056520,0.067720,-0.004852,-0.104800,0.027772,0.090151,-0.004395,-0.086245,-0.021454,0.096987,0.027772,-0.088717,-0.047273,0.104769,0.030701,-0.097476,-0.048738,0.102816,0.031678,-0.076021,-0.041932,0.069216,0.064790,-0.096987,-0.058473,0.088686,0.054567,-0.063356,-0.075533,0.078463,0.072115,-0.079439,-0.086733,0.088686,0.063844,-0.071657,-0.074068,0.092593,0.040437,-0.076021,-0.048738,0.048219,0.076021,-0.093569,-0.063844,0.085757,0.052156,-0.064821,-0.071657,0.071169,0.051149,-0.085268,-0.068727,0.104281,0.042878,-0.089663,-0.044374,0.115024,0.019471,-0.091128,-0.011689,0.062837,0.019990,-0.101870,-0.004852,0.104281,-0.019990,-0.076998,0.013153,0.083803,-0.032166,-0.076021,0.025819,0.093081,-0.062380,-0.064333,0.072115,0.096987,-0.089205,-0.058473,0.098910,0.024384,-0.088229,-0.034120,0.108188,0.031678,-0.107699,0.031678,0.095492,-0.027283,-0.096011,0.050691,0.067720,-0.063844,-0.080416,0.078463,0.052125,-0.075045,-0.039491,0.102359,0.019471,-0.120364,0.013642,0.089175,-0.043855,-0.075533,0.046296,0.090639,-0.084810,-0.050691,0.095034,0.038484,-0.110141,0.008270,0.094058,-0.034608,-0.091128,0.068209,0.069673,-0.073580,-0.060426,0.102328,0.007294,-0.087221,0.022889,0.065309,-0.029725,-0.083346,0.098910,0.043855,-0.094058,-0.027772,0.100863,-0.031190,-0.079928,0.071627,0.083346,-0.090639,-0.031220,0.098940,-0.031678,-0.076509,0.037019,0.075045,-0.074556,-0.056062,0.124271,0.013642,-0.084810,0.035096,0.083803,-0.095522,-0.063844,0.078951,0.021912,-0.089175,0.051637,0.075533,-0.057985,-0.055574,0.062380,0.031190,-0.100894,0.034089,0.086275,-0.081881,-0.021943,0.085299,-0.011719,-0.091616,0.052644,0.043855,-0.071657,-0.035584,0.090151,-0.021943,-0.075045,0.072603,0.045320,-0.125247,0.031190,0.073580,-0.057985,-0.051179,0.093081,0.037019,-0.120853,0.048219,0.063356,-0.094546,-0.042390,0.112552,-0.046296,-0.069704,0.090151,0.030701,-0.100405,0.022431,0.064790,-0.064821,-0.065798,0.106723,-0.013642,-0.083834,0.089693,0.022400,-0.071657,0.011719,0.082338,-0.071657,-0.022400,0.075502,-0.030213,-0.080416,0.080904,0.026795,-0.083346,0.052644,0.067720,-0.116000,0.015107,0.084810,-0.078463,-0.051179,0.076509,-0.000031,-0.100894,0.075075,0.039949,-0.091616,0.022889,0.094058,-0.105746,-0.018036,0.091586,-0.076509,-0.064333,0.101351,-0.022400,-0.099429,0.116946,0.030213,-0.105258,0.066255,0.034120,-0.073610,-0.002930,0.074068,-0.087221,-0.012207,0.076509,-0.050691,-0.045808,0.092593,-0.032166,-0.075533,0.073580,0.015107,-0.077974,0.044831,0.056520,-0.085757,0.040925,0.067232,-0.101840,0.045808,0.048219,-0.101351,0.003388,0.075045,-0.093081,-0.005860,0.086733,-0.068697,-0.028291,0.094058,-0.048250,-0.053621,0.094546,-0.057008,-0.055574,0.090639,-0.015107,-0.063844,0.074556,0.039460,-0.084780,0.084292,0.033631,-0.092593,0.047242,0.048250,-0.093081,0.058473,0.060426,-0.099429,0.041413,0.058961,-0.082857,0.012665,0.072145,-0.084322,0.020936,0.075533,-0.110141,0.062380,0.057985,-0.097476,0.020478,0.055055,-0.110141,0.033143,0.067232,-0.087710,0.051637,0.074068,-0.090639,0.025819,0.069673,-0.122806,0.049714,0.065309,-0.101870,0.050172,0.039491,-0.072634,0.034120,0.047273,-0.074099,0.055574,0.020936,-0.097476,0.052156,0.023377,-0.071138,0.083315,0.023408,-0.078493,0.045320,-0.000977,-0.074068,0.075533,0.029206,-0.063844,0.077974,-0.071138,-0.059480,0.086275,-0.018525,-0.021454,0.074068,-0.076998,-0.058015,0.063844,-0.033631,0.033143,0.097476,-0.058504,-0.055543,0.021912,-0.080416,0.036561,0.087221,-0.045320,0.024842,-0.054109,-0.080416,0.060945,0.045289,0.013153,0.060915,-0.064821,-0.094546,0.030701,0.009735,0.047761,0.081392,-0.052644,-0.061891,-0.036073,-0.018525,0.103793,0.060426,-0.011231,-0.074068,-0.058961,-0.045839,0.061403,0.098452,0.015107,-0.026826,-0.095522,-0.060426,0.030213,0.096468,0.077974,0.003418,-0.099917,-0.052644,0.006806,0.074068,0.106723,-0.006806,-0.083834,-0.101351,-0.016083,0.071627,0.094058,0.041902,-0.072145,-0.097964,-0.063844,0.055543,0.093081,0.053621,-0.053132,-0.100894,-0.066774,0.039979,0.115970,0.061891,-0.060426,-0.091158,-0.085757,0.060426,0.094058,0.063814,-0.040925,-0.118930,-0.064821,0.058992,0.102816,0.053590,-0.047273,-0.120395,-0.060915,0.059938,0.112552,0.057985,-0.055055,-0.121341,-0.022431,0.042878,0.113040,0.007324,-0.074587,-0.090639,-0.031678,0.099887,0.097476,-0.008789,-0.106723,-0.068239,0.013153,0.117923,0.084810,-0.037538,-0.111606,-0.038514,0.041444,0.090639,0.053102,-0.094058,-0.096011,-0.021454,0.103305,0.100894,-0.032655,-0.101870,-0.083834,0.041902,0.097476,0.077486,-0.084810,-0.094546,-0.023408,0.081881,0.087221,-0.025361,-0.104281,-0.058015,0.023408,0.127658,0.029725,-0.058961,-0.107211,-0.030732,0.104800,0.070162,-0.043855,-0.107241,-0.050691,0.053132,0.123752,0.007813,-0.106723,-0.095522,0.041413,0.081392,0.065767,-0.050691,-0.120364,0.014618,0.090151,0.076509,-0.051179,-0.118442,-0.019501,0.082369,0.091128,-0.009766,-0.087221,-0.082369,0.078951,0.093081,-0.008301,-0.096987,-0.056032,0.040437,0.111087,0.040956,-0.113070,-0.068727,0.044343,0.104769,0.044343,-0.112582,-0.062868,0.029237,0.104281,0.028260,-0.072115,-0.108676,0.042390,0.096468,0.038026,-0.078493,-0.084780,0.037019,0.106234,0.021424,-0.060426,-0.096987,0.032166,0.085757,0.034120,-0.073122,-0.095034,0.032655,0.110141,0.045808,-0.109164,-0.061433,0.041444,0.099398,0.010254,-0.092135,-0.062380,0.072115,0.084810,0.003876,-0.119388,-0.055574,0.065798,0.089175,-0.022431,-0.120364,-0.005860,0.093569,0.073580,-0.054109,-0.083346,-0.020966,0.108188,0.044343,-0.089663,-0.095522,0.059938,0.092593,0.000977,-0.059969,-0.076509,0.075045,0.088198,-0.046296,-0.093569,-0.045320,0.111606,0.072603,-0.064821,-0.092623,0.055086,0.084780,0.014618,-0.102816,-0.059969,0.068239,0.102816,-0.047273,-0.102359,0.032166,0.081850,0.051179,-0.091616,-0.086764,0.072145,0.077974,-0.008301,-0.099917,-0.017060,0.090639,0.070192,-0.096011,-0.084322,0.051149,0.093081,-0.039460,-0.082857,-0.016571,0.078920,0.080416,-0.089205,-0.082827,0.069673,0.074556,-0.021943,-0.124759,0.006348,0.098422,0.034608,-0.095034,-0.042421,0.070650,0.080904,-0.060915,-0.095522,0.025819,0.092104,-0.010254,-0.083346,-0.040437,0.110141,0.054079,-0.095522,-0.057985,0.056032,0.108676,-0.071657,-0.087710,0.051179,0.106723,-0.035096,-0.096041,-0.005829,0.086245,0.019013,-0.083834,-0.058961,0.096468,0.082369,-0.111117,-0.057039,0.074556,0.078951,-0.055574,-0.118899,0.051637,0.091616,-0.031190,-0.085787,0.026826,0.089663,0.018494,-0.094058,-0.014618,0.108188,0.039949,-0.118411,-0.032655,0.106234,0.021424,-0.087221,-0.045839,0.083346,0.072603,-0.093569,-0.055543,0.071138,0.062380,-0.076540,-0.074556,0.049714,0.087221,-0.059450,-0.085787,0.066286,0.092593,-0.072145,-0.093081,0.070650,0.060426,-0.059450,-0.077486,0.046296,0.103305,-0.071169,-0.068239,0.058504,0.086733,-0.057039,-0.081881,0.031678,0.084322,-0.059969,-0.089175,0.068209,0.076509,-0.060915,-0.066774,0.059938,0.085757,-0.072115,-0.093569,0.092593,0.056032,-0.060915,-0.079439,0.080874,0.068239,-0.082857,-0.059450,0.100863,0.029725,-0.106723,-0.014618,0.093539,0.020966,-0.104800,-0.005341,0.117435,-0.022919,-0.115024,0.039002,0.073580,-0.026307,-0.108218,0.073610,0.089663,-0.064821,-0.070192,0.088686,0.042878,-0.090639,-0.049226,0.074556,0.037019,-0.073091,-0.001465,0.095004,0.008789,-0.104800,0.017060,0.101351,-0.065309,-0.071627,0.053590,0.076509,-0.064333,-0.055055,0.090639,0.041902,-0.105777,-0.018036,0.094058,-0.037049,-0.095522,0.058504,0.087221,-0.079928,-0.032655,0.069673,0.032166,-0.087252,-0.014130,0.106723,-0.040467,-0.091616,0.063356,0.071138,-0.076021,-0.052156,0.068727,0.018006,-0.088686,0.005829,0.097476,-0.037049,-0.090151,0.057497,0.085787,-0.108218,-0.045808,0.118899,-0.008270,-0.071169,0.028748,0.090151,-0.054079,-0.064821,0.082338,0.020966,-0.102847,0.020478,0.097933,-0.069185,-0.063387,0.100894,0.038484,-0.116489,0.037538,0.085268,-0.078951,-0.059450,0.056520,0.049714,-0.101870,0.017060,0.106234,-0.064333,-0.067751,0.087252,0.021912,-0.107699,0.031678,0.077486,-0.072634,-0.064821,0.097964,-0.002441,-0.063356,0.034089,0.057497,-0.076509,-0.065798,0.102328,-0.028748,-0.085299,0.070680,0.052125,-0.083834,0.000488,0.092104,-0.049226,-0.072145,0.077974,0.018036,-0.096011,0.032136,0.100405,-0.069216,-0.050203,0.122806,-0.041413,-0.063356,0.052614,0.054109,-0.099917,0.002441,0.088198,-0.065798,-0.065798,0.090639,0.001465,-0.103335,0.070192,0.057497,-0.098452,0.020478,0.076509,-0.065798,-0.033631,0.069673,0.015595,-0.103823,0.093081,0.024354,-0.106234,0.048250,0.079409,-0.076509,-0.017060,0.106234,-0.068727,-0.070650,0.083803,-0.001465,-0.092623,0.073610,0.068209,-0.095522,0.000000,0.103305,-0.102359,-0.020936,0.076021,-0.045839,-0.058961,0.073091,0.002441,-0.090182,0.075533,0.025361,-0.087252,0.029237,0.070650,-0.074068,0.010224,0.076998,-0.053621,-0.053102,0.087710,-0.025361,-0.080385,0.094515,-0.032655,-0.094058,0.096499,0.006806,-0.084810,0.068239,0.049226,-0.096499,0.049196,0.050691,-0.085268,0.008270,0.088198,-0.102816,-0.002441,0.077974,-0.079958,-0.007782,0.082338,-0.032655,-0.066774,0.086275,-0.013672,-0.107699,0.096499,0.003876,-0.078951,0.074068,0.026307,-0.096957,0.082338,0.027772,-0.100894,0.070192,0.039460,-0.102359,0.074556,0.036073,-0.079439,0.041413,0.070192,-0.088717,0.001953,0.081362,-0.090639,0.036073,0.076509,-0.073610,0.005860,0.076998,-0.110141,0.005341,0.075045,-0.064821,-0.007324,0.087252,-0.059969,-0.022889,0.076998,-0.088717,0.013642,0.084810,-0.097964,0.031678,0.070650,-0.092593,0.016571,0.090151,-0.097964,0.024842,0.060915,-0.099887,0.014588,0.081392,-0.082857,0.032166,0.080874,-0.123294,0.031190,0.036042,-0.088198,0.076998,0.019959,-0.069185,0.041413,0.001465,-0.088686,0.108188,0.020447,-0.053621,0.056062,-0.031678,-0.093111,0.082369,-0.013642,-0.030732,0.096011,-0.071627,-0.057527,0.057008,-0.038514,0.026826,0.063326,-0.050691,-0.050660,-0.000031,-0.074556,0.048738,0.073091,-0.023408,0.012665,-0.034120,-0.090151,0.032655,0.051149,0.016083,0.022431,-0.034608,-0.100894,0.012177,0.019501,0.043336,0.109652,-0.053102,-0.078951,-0.029755,-0.025819,0.049226,0.104769,-0.015595,-0.049257,-0.067720,-0.049226,0.042390,0.101840,0.040925,-0.035096,-0.073091,-0.090151,0.035066,0.094546,0.066286,0.032624,-0.115481,-0.095522,0.008270,0.070650,0.087710,0.043855,-0.075533,-0.088686,-0.051179,0.056032,0.089663,0.051179,-0.037049,-0.123782,-0.053132,0.050203,0.103305,0.080416,-0.045808,-0.091647,-0.083803,0.026795,0.099398,0.093081,-0.034089,-0.095522,-0.086764,0.028748,0.107211,0.080904,-0.021943,-0.109164,-0.096499,0.049714,0.106723,0.077486,-0.026826,-0.112094,-0.054567,0.022889,0.103305,0.066774,-0.047792,-0.116946,-0.053621,0.045320,0.109164,0.055055,-0.059450,-0.107699,-0.020966,0.072603,0.079439,0.033601,-0.092104,-0.113070,0.000488,0.080904,0.118899,-0.031190,-0.088717,-0.073580,0.031190,0.093539,0.065798,-0.064333,-0.105746,-0.022919,0.076021,0.101351,0.004883,-0.112094,-0.082369,0.004852,0.093569,0.083346,-0.057039,-0.089175,-0.075075,0.087252,0.106204,0.001953,-0.094058,-0.076998,0.015595,0.112063,0.065309,-0.073610,-0.098422,-0.027314,0.082857,0.096987,-0.037538,-0.089205,-0.067720,0.037019,0.130100,0.016571,-0.049226,-0.113070,0.019501,0.091128,0.059938,-0.068239,-0.096011,-0.029237,0.079409,0.094546,-0.025819,-0.109652,-0.055086,0.080904,0.079439,0.016541,-0.086733,-0.097964,0.068727,0.091128,0.036530,-0.093081,-0.077974,0.051637,0.105777,0.035066,-0.082857,-0.102816,0.016083,0.109134,0.046296,-0.076021,-0.095034,0.018525,0.117435,0.041902,-0.092104,-0.084322,0.000000,0.120364,0.052614,-0.052644,-0.093081,0.002930,0.099398,0.067262,-0.089175,-0.095522,0.024354,0.099398,0.053621,-0.071169,-0.098452,0.039002,0.087710,0.045808,-0.065309,-0.109652,0.057008,0.082369,0.048707,-0.092104,-0.092593,0.046754,0.093569,0.011231,-0.092623,-0.062380,0.053102,0.119388,-0.016571,-0.110629,-0.051179,0.063356,0.094546,-0.040467,-0.119388,0.020936,0.083834,0.089663,-0.085299,-0.101840,0.030701,0.096957,0.044831,-0.071627,-0.077486,0.053590,0.111117,-0.024872,-0.112582,-0.036561,0.087740,0.061372,-0.029237,-0.104281,0.004364,0.122806,0.021943,-0.076052,-0.092104,0.058473,0.105258,-0.026795,-0.107699,-0.005371,0.087221,0.049714,-0.066286,-0.102816,0.037995,0.101351,-0.004852,-0.091616,-0.039979,0.072603,0.090639,-0.093081,-0.078951,0.028260,0.116946,0.008270,-0.109652,-0.028748,0.085268,0.049226,-0.080904,-0.086733,0.033601,0.113559,-0.009735,-0.104800,-0.016083,0.078951,0.048738,-0.083346,-0.098452,0.085757,0.080416,-0.025849,-0.110141,0.018036,0.112552,0.000000,-0.110629,-0.037049,0.086275,0.060426,-0.057039,-0.085268,0.062837,0.101870,-0.044374,-0.095034,0.019013,0.090151,0.020478,-0.109652,-0.004395,0.080874,0.041444,-0.080904,-0.088229,0.078951,0.077974,-0.063875,-0.085757,0.075533,0.085268,-0.039002,-0.102816,0.006317,0.077028,0.005829,-0.122318,-0.013153,0.130588,0.000000,-0.090670,-0.054079,0.085757,0.062868,-0.102359,-0.040437,0.085757,0.074556,-0.076021,-0.065798,0.058961,0.072603,-0.067751,-0.082857,0.060915,0.084810,-0.055086,-0.079928,0.011689,0.102359,-0.065798,-0.088229,0.061891,0.088686,-0.016571,-0.106234,0.035096,0.091128,-0.032655,-0.116489,0.053590,0.090639,-0.032655,-0.094546,0.034120,0.102328,-0.041444,-0.112552,0.057985,0.077456,-0.034577,-0.095522,0.052614,0.104281,-0.073091,-0.089205,0.045808,0.078951,-0.070192,-0.074556,0.063844,0.096468,-0.054079,-0.076052,0.051179,0.079439,-0.086764,-0.088198,0.108676,0.057985,-0.072145,-0.044831,0.072115,0.060426,-0.117953,-0.017060,0.096499,-0.000488,-0.112582,0.024354,0.092593,-0.007813,-0.091128,0.038484,0.072115,-0.036042,-0.100894,0.040437,0.109652,-0.071169,-0.050203,0.084810,0.034089,-0.067720,-0.035096,0.097445,-0.006317,-0.102359,-0.005371,0.113559,-0.043367,-0.096041,0.056062,0.085268,-0.062868,-0.070650,0.066255,0.068727,-0.122836,-0.013642,0.094058,-0.017548,-0.091616,0.015595,0.122775,-0.055543,-0.073122,0.072603,0.066286,-0.112582,-0.020478,0.093081,-0.003418,-0.110629,0.061403,0.083803,-0.064821,-0.042878,0.065767,0.054567,-0.090639,-0.018525,0.112094,-0.038026,-0.095034,0.051179,0.085268,-0.068239,-0.023377,0.074556,0.015595,-0.098452,0.023865,0.079928,-0.047273,-0.078463,0.070162,0.061891,-0.106234,0.008759,0.093569,-0.048250,-0.066774,0.060915,0.062380,-0.100894,0.005860,0.091128,-0.022919,-0.101840,0.080385,0.059938,-0.091128,-0.007813,0.097933,-0.045808,-0.068727,0.041444,0.063814,-0.088198,-0.009766,0.099917,-0.062380,-0.052644,0.070162,0.032166,-0.087252,0.023408,0.074556,-0.056550,-0.065309,0.084322,0.016053,-0.068727,0.023408,0.091128,-0.057985,-0.055574,0.103305,-0.034608,-0.094546,0.075533,0.032655,-0.080416,0.017029,0.096011,-0.049714,-0.060426,0.077974,0.008270,-0.096987,0.047761,0.073091,-0.075533,-0.011231,0.099429,-0.047761,-0.095522,0.095980,0.022919,-0.104312,0.053102,0.056062,-0.065309,-0.008789,0.102816,-0.049714,-0.051637,0.073580,0.007782,-0.091128,0.057008,0.057008,-0.091128,0.017548,0.094027,-0.081850,-0.022431,0.094546,-0.037538,-0.082369,0.057985,0.042390,-0.115481,0.053590,0.066255,-0.093081,-0.004395,0.117435,-0.067720,-0.042909,0.095522,-0.037049,-0.092104,0.103305,0.008759,-0.118899,0.081392,0.043855,-0.097964,0.047761,0.074068,-0.054597,-0.019959,0.102328,-0.057985,-0.058015,0.089175,-0.023865,-0.086764,0.072603,0.010742,-0.089205,0.059450,0.040437,-0.086275,0.006836,0.081850,-0.084810,0.010254,0.102816,-0.095522,0.014588,0.082857,-0.066286,-0.043367,0.090151,-0.052156,-0.053621,0.080416,-0.028260,-0.076540,0.083834,-0.021454,-0.093081,0.087710,-0.013642,-0.079928,0.069185,0.010224,-0.081881,0.040956,0.056520,-0.105288,0.035096,0.067262,-0.079928,0.023377,0.083803,-0.087221,0.027772,0.088198,-0.083803,0.006806,0.076509,-0.077974,-0.012207,0.111117,-0.069216,-0.014130,0.088198,-0.093081,0.020478,0.089175,-0.078463,0.002930,0.094027,-0.084292,-0.000488,0.086733,-0.080416,0.011200,0.087710,-0.073580,-0.008789,0.066255,-0.070162,-0.000488,0.078463,-0.049226,-0.011231,0.096987,-0.105777,0.019990,0.099887,-0.082369,0.025361,0.083803,-0.093569,0.005829,0.059938,-0.086733,0.051179,0.073091,-0.078493,0.015595,0.036073,-0.106723,0.058473,0.057497,-0.081881,0.063356,-0.022431,-0.082369,0.073091,0.010254,-0.021454,0.094058,-0.035584,-0.079439,0.049226,-0.035096,-0.005860,0.102816,-0.037049,-0.037507,0.000458,-0.069185,0.037995,0.069185,0.000488,-0.010224,0.001923,-0.099429,0.017548,0.068727,0.011689,0.052614,-0.019959,-0.094088,-0.018006,0.023377,0.036530,0.098940,-0.027314,-0.084292,-0.038514,-0.045320,0.020936,0.115970,-0.006806,-0.012696,-0.076509,-0.079928,0.065309,0.086733,0.039460,0.018036,-0.076540,-0.096987,0.028779,0.069673,0.080416,0.037507,-0.072145,-0.124271,-0.005371,0.049714,0.080416,0.075533,-0.066774,-0.079439,-0.069704,0.022431,0.124728,0.054109,-0.034608,-0.090639,-0.071657,0.011689,0.114017,0.064821,-0.023896,-0.096011,-0.088686,-0.005371,0.115512,0.091128,-0.024872,-0.074068,-0.106723,0.030671,0.080904,0.077974,0.006317,-0.102328,-0.091616,0.019471,0.096499,0.067720,0.001465,-0.111117,-0.097476,0.019013,0.096957,0.090639,-0.029725,-0.116000,-0.048219,0.025330,0.133518,0.053590,-0.037507,-0.097476,-0.073610,0.071138,0.110141,0.030213,-0.078463,-0.093081,-0.030213,0.085268,0.095522,-0.004395,-0.091616,-0.099429,0.013642,0.111087,0.057527,-0.023896,-0.114535,-0.043367,0.053102,0.095034,0.041902,-0.084322,-0.107211,0.008759,0.103793,0.076998,-0.020478,-0.116458,-0.069216,0.048250,0.127170,0.009735,-0.063356,-0.093081,-0.023896,0.103305,0.078463,-0.027283,-0.107699,-0.062868,0.086245,0.102359,0.004852,-0.090151,-0.078951,0.017548,0.116458,0.053590,-0.075533,-0.101840,-0.011231,0.102328,0.087252,-0.058015,-0.087221,-0.052156,0.080904,0.092593,-0.017579,-0.079439,-0.094058,0.053132,0.104769,0.019471,-0.105258,-0.073610,0.021943,0.108676,0.047242,-0.072115,-0.122348,0.024384,0.095492,0.042390,-0.036042,-0.108706,0.006348,0.103305,0.052644,-0.026826,-0.105258,-0.013642,0.097933,0.068697,-0.075045,-0.093081,-0.021454,0.080416,0.089663,-0.038026,-0.096987,0.009247,0.048250,0.027772,-0.031190,-0.002930,-0.023896,-0.001953,0.017548,-0.022919,0.014130,-0.000977,-0.022889,0.001465,0.018494,-0.012665,0.018006,0.002441,-0.002441,-0.002930,-0.002441,0.005341,0.023408,-0.023408,0.015107,-0.004395,-0.007813,-0.004395,-0.006806,0.022400,-0.016571,0.004883,-0.000977,-0.002441,-0.019043,0.014618,-0.007813,-0.000977,0.009278,0.005829,-0.006806,-0.001007,-0.015107,0.028260,-0.008270,0.004852,0.007324,-0.009766,0.018525,-0.019990,0.008759,-0.012665,-0.004883,-0.010712,0.017518,-0.025819,0.016571,0.005829,-0.001953,0.001953,-0.008270,0.006317,0.016571,-0.020966,0.012665,-0.009735,-0.001465,0.012665,-0.015595,0.014130,-0.005371,-0.014618,0.001923,0.007324,-0.020966,0.008759,-0.008270,-0.005860,0.006806,0.004395,0.009247,0.006348,-0.015107,0.025330,-0.010712,0.002411,-0.000977,-0.012665,0.015595,-0.022431,0.007294,0.001953,-0.010254,-0.013642,0.026307,-0.003906,-0.007294,0.002411,-0.009735,-0.004395,-0.002441,-0.009278,0.015107,-0.015595,0.019471,0.004883,-0.007324,0.010224,-0.022431,0.020966,0.002930,-0.004395,-0.000488,0.002411,-0.016571,0.014618,0.006806,-0.005829,0.010712,0.006317,0.004883,-0.000031,-0.020936,0.008759,-0.007324,-0.003906,0.006348,-0.014618,0.020478,-0.018036,0.004852,0.000000,-0.012207,-0.019013,0.011689,-0.005860,-0.002441,-0.002441,0.000977,-0.018525,0.010742,0.000000,-0.017579,0.025361,0.002899,-0.009735,0.012665,-0.009735,0.013153,-0.022431,0.007294,0.000000,-0.000488,-0.014130,0.009735,-0.001495,-0.006806,0.004364,-0.006317,-0.009766,0.007813,0.007294,-0.018525,0.007782,-0.001465,-0.017060,0.002930,-0.007324,0.023896,-0.015107,-0.003906,0.005341,-0.005860,-0.002441,0.021454,-0.001953,-0.004395,0.004852,-0.006348,-0.006348,-0.000488,-0.010712,0.023377,-0.011200,-0.016083,0.018006,-0.014130,0.014618,-0.017548,0.016053,0.006348,-0.003906,0.000488,0.007294,-0.018036,-0.001465,0.003388,-0.004364,0.001434,0.018036,-0.002441,-0.011231,0.025361,-0.014161,-0.004852,0.011689,-0.010254,0.009278,-0.017579,0.003906,0.008270,-0.006806,0.001923,0.017548,-0.004883,-0.003876,0.004852,-0.010742,0.001953,0.017060,-0.001953,-0.018036,0.037995,-0.020447,-0.003418,0.019471,-0.006806,0.012665,-0.006348,0.006806,0.000488,-0.005860,-0.000488,0.018036,-0.010254,0.000000,0.011200,-0.016571,-0.000488,0.013642,-0.001465,0.015107,-0.007324,-0.004395,0.016571,-0.030244,0.032655,-0.010712,0.017029,-0.006806,-0.005371,0.003906,-0.002441,-0.007324,-0.000977,0.005829,-0.016083,0.012177,-0.001953,0.004395,-0.001465,-0.016571,0.015595,0.008759,-0.020478,0.021454,-0.018036,0.022400,-0.019990,0.006836,0.022400,-0.000977,-0.013642,0.008270,-0.005860,-0.013153,0.008270,-0.018525,-0.001953,0.001953,0.007782,0.019013,-0.010712,-0.008301,0.017060,-0.035096,0.018494,-0.006317,0.011200,-0.001465,-0.008301,0.005371,-0.007813,-0.019990,0.001465,0.012177,-0.019501,0.006836,0.000946,-0.007294,-0.009278,0.023377,-0.024842,-0.004395,0.022889,-0.019990,0.002441,-0.007813,0.010712,0.007324,-0.017060,-0.008789,0.003418,-0.000977,0.001923,0.012177,-0.005860,0.008789,-0.000488,-0.003418,-0.015595,0.016053,-0.022431,-0.004364,0.028260,-0.022431,0.017060,-0.008789,0.011200,0.014618,-0.014130,0.012177,0.002411,-0.006317,-0.006836,0.016083,-0.017579,0.008301,-0.001495,0.000488,0.006348,-0.011231,-0.001953,0.017548,-0.031190,0.011689,-0.019013,0.010712,-0.004395,-0.008270,0.006806,-0.008270,0.001434,-0.002930,0.003906,-0.014618,0.005341,-0.008759,-0.004395,0.000977,0.000458,0.000977,0.011200,-0.004364,0.000946,0.003418,0.003388,-0.012665,0.000488,-0.006348,0.011689,-0.008789,-0.000488,-0.002930,0.008270,-0.007294,-0.005860,0.002411,0.004395,0.008759,0.004883,0.005829,0.006348,0.007294,-0.007782,-0.000031,-0.000977,-0.003906,-0.008759,0.003876,0.000488,-0.004395,0.007294,0.001465,0.010224,-0.002930,-0.001465,-0.000488,0.002441,-0.010254,-0.005341,0.005341,-0.005860,-0.004852,0.000458,0.000000,0.004852,-0.002930,0.005371,-0.010254,-0.010224,0.001923,0.000488,-0.005371,0.008789,-0.002441,-0.005860,0.007294,-0.005341,0.002411,0.007324,-0.005371,0.000488,0.007782,0.005371,-0.001953,-0.003418,0.009735,0.000000,-0.010742,0.007324,-0.002441,-0.005860,-0.009735,-0.004395,-0.006348,-0.003906,-0.010254,0.000977,-0.000488,0.005860,-0.001953,-0.001953,-0.004883,0.001465,0.004395,0.007782,0.002441,-0.006348,0.005829,0.001465,0.003906,-0.007324,-0.008759,0.000458,0.000977,0.007813,-0.003418,0.000977,0.005341,0.000488,0.000488,0.001923,0.000000,0.000488,0.007294,-0.001953,-0.005371,0.002441,0.004395,0.000458,-0.004852,0.001923,-0.005341,0.005341,0.001953,-0.007324,-0.007813,-0.002441,-0.006348,0.000977,0.004852,-0.002930,-0.006806,-0.001953,0.000488,0.001923,0.006348,0.001923,0.014130,-0.005341,-0.002930,-0.000488,-0.006836,-0.004395,-0.002441,0.002441,0.004852,-0.008759,-0.000031,0.002441,-0.006348,0.007294,-0.011200,-0.002441,0.003388,-0.013642,-0.001953,-0.006348,0.003418,0.004852,-0.002930,0.000488,0.001923,-0.006806,0.000977,0.006806,-0.007324,-0.005341,0.007294,-0.007324,-0.004852,0.002411,0.000488,0.010712,0.004395,0.000488,-0.001495,-0.002441,-0.000977,0.000977,0.000000,0.000000,-0.001465,-0.001953,-0.005860,0.004364,0.009766,0.001434,0.013153,-0.000977,-0.010224,0.001923,0.008789,0.007782,0.000488,-0.009278,0.003418,0.000000,0.012177,-0.001465,-0.012207,-0.017060,-0.005860,-0.002441,0.007813,0.006317,0.003418,0.006317,0.000977,-0.005341,-0.011719,-0.001465,0.003418,0.004852,-0.007813,-0.000977,-0.008789,0.007324,0.001923,0.002441,0.007813,0.003876,0.003418,-0.001953,-0.006348,0.000000,0.011200,0.005829,0.010742,0.002411,0.003418,0.004364,0.008301,-0.009278,-0.001953,0.001465,-0.002930,0.000977,0.001923,0.005371,-0.000488,-0.004395,0.003388,-0.004852,-0.007324,0.004852,0.004883,-0.002930,-0.001007,0.008301,-0.010254,0.004883,-0.009278,0.009247,0.000488,0.004852,0.009766,0.006317,-0.000488,-0.005371,0.002441,-0.002930,-0.004395,0.002930,-0.009766,-0.004395,-0.003388,-0.000488,0.000458,0.000000,0.007294,0.002441,-0.001953,-0.011689,0.009247,-0.013153,0.005341,0.000488,0.005860,-0.000977,-0.003906,0.004852,-0.000977,-0.007813,0.001953,-0.000977,-0.002441,0.001465,-0.002960,-0.001465,0.004395,0.014130,-0.002930,0.004395,-0.003418,0.003388,-0.004852,-0.002441,0.003876,-0.008270,0.006317,0.002930,0.001953,0.005829,-0.006836,0.005371,0.004852,-0.003906,0.014130,-0.004395,-0.002441,-0.003388,-0.012696,0.000000,0.000000,0.002899,-0.011689,-0.007324,0.007324,0.002899,0.005371,-0.006348,0.000000,-0.005371,0.001465,0.003388,-0.001953,-0.004852,0.005341,0.005860,0.006317,0.000000,-0.008789,0.000488,-0.006836,-0.005341,0.000458,-0.007782,-0.004883,0.010224,-0.014130,0.000000,0.003876,0.007813,-0.001007,-0.005341,-0.011231,0.008759,0.000488,0.003906,0.000458,-0.000488,0.012696,-0.002441,0.013123,-0.000488,-0.005829,-0.001953,0.005829,0.001465,0.000000,-0.009278,-0.002930,-0.008789,0.006348,-0.000488,-0.011231,0.004883,-0.003418,0.014618,-0.001953,-0.007324,-0.001465,0.008759,-0.000488,0.001953,0.001923,-0.003388,-0.003906,0.002899,0.003418,0.004852,0.005371,-0.010254,-0.003906,0.007813,-0.000488,-0.001953,-0.003906,0.006348,0.000458,0.004883,-0.002441,-0.007324,-0.009278,-0.006317,0.000946,-0.000977,0.008270,0.000000,-0.010224,-0.007324,-0.007294,-0.001007,-0.009247,0.001923,0.006348,-0.009735,0.008759,-0.000977,0.000977,-0.000519,-0.004364,-0.003906,0.000458,0.008301,-0.006348,-0.006836,0.001465,-0.001465,0.004852,0.000488,-0.006348,-0.005371,0.004395,0.000000,-0.000977,-0.001953,0.001434,0.006836,0.009247,0.002441,0.005829,-0.016571,0.002441,0.002930,0.001465,-0.002930,-0.007324,0.000977,-0.000488,0.010224,-0.007324,0.002930,-0.005860,0.003906,0.000458,0.002441,-0.005371,-0.006348,-0.004395,-0.003388,0.000458,-0.003906,0.000000,0.000977,0.006348,-0.004395,0.006806,-0.001953,-0.000488,0.008759,0.003418,-0.002441,-0.000977,-0.002441,0.003388,0.000488,0.006317,0.002930,-0.003906,0.003906,0.003876,0.001953,0.003418,0.001465,0.001923,0.000977,0.010224,-0.007324,0.009278,0.000977,-0.003906,-0.004883,-0.001465,0.000000,-0.004883,-0.004883,-0.003906,0.000977,-0.004883,-0.000488,-0.008759,-0.001953,0.001923,-0.002930,-0.003388,0.003388,-0.000488,-0.008301,-0.012177,-0.012665,-0.007324,0.014618,-0.002930,-0.001495,0.012696,-0.004395,0.009735,-0.002441,0.006806,-0.016571,0.004852,-0.010712,-0.004883,0.002441,0.001953,-0.000519,-0.010224,0.005860,-0.006348,0.006317,-0.001953,0.005860,0.005829,0.002930,-0.003906,-0.001465,-0.001465,0.001923,-0.000488,-0.008270,0.003876,0.001465,0.004395,0.009247,0.000488,-0.005371,-0.002441,0.003418,0.003876,0.000488,-0.012665,-0.004883,0.006806,-0.006348,0.001953,-0.006836,-0.000488,0.004395,0.000977,0.000488,-0.008789,0.001465,0.000000,-0.001495,0.008789,0.001465,0.006317,0.000977,0.011200,0.000977,0.006348,0.000458,-0.000488,0.004395,-0.004883,-0.005371,0.002930,0.002930,0.000977,0.004852,0.001953,-0.005371,0.002441,0.000458,0.004395,0.000977,0.000977,0.005341,-0.011689,-0.000488,-0.000488,-0.003906,0.003876,0.002930,0.005371,-0.003906,0.000488,0.002899,0.003906,0.004364,-0.000488,-0.001465,-0.001465,0.010712,0.000977,-0.002441,-0.003418,0.004395,0.002930,-0.003418,-0.009278,-0.010224,-0.008789,-0.000488,-0.001953,0.000000,-0.002441,-0.007324,0.000977,0.009735,0.001953,0.001923,0.002441,0.014130,-0.004883,0.003906,-0.008301,-0.003876,0.006806,0.008270,-0.000977,0.002930,-0.007324,0.007782,-0.003876,0.004852,-0.003418,-0.003418,0.008789,-0.007324,0.002930,-0.008789,0.001953,-0.000977,0.001434,0.004395,-0.004883,-0.001953,-0.000488,0.000488,-0.003418,-0.007782,0.002411,-0.008270,0.001465,-0.000488,0.001923,-0.000488,-0.002930,-0.000488,0.008759,0.000000,0.006348,-0.000519,0.010254,-0.001495,-0.005829,0.002411,0.006348,-0.001953,0.004852,0.003906,-0.001953,0.004852,0.009278,0.005341,0.000000,0.001923,-0.004364,0.003876,0.000977,0.006348,-0.004883,0.000977,0.001923,0.000977,-0.002930,0.000000,0.006806,0.009735,0.000488,-0.011231,0.003418,0.007782,0.007324,-0.003418,-0.009766,0.002441,0.004883,-0.001953,0.002899,0.000488,0.001953,0.004364,0.001953,-0.009735,0.001923,0.006836,0.005341,0.003906,-0.001007,0.002930,0.000000,0.000000,0.004364,-0.005860,0.004395,0.002441,0.001465,0.014588,0.002930,0.005371,-0.005371,0.006317,-0.008759,0.005829,0.003906,0.005341,0.006348,-0.002441,-0.003418,0.005371,0.007782,0.007294,-0.002930,-0.003388,0.009735,0.007294,-0.000488,-0.001465,-0.007324,-0.000977,0.006348,0.007294,-0.000488,-0.001465,0.003388,0.000977,0.003906,-0.005371,-0.000488,0.002441,-0.003418,0.000458,0.004883,0.004364,0.002441,-0.004883,-0.012665,-0.001465,0.007782,-0.008759,0.009247,-0.006836,0.001953,-0.003418,0.000488,0.004395,0.003388,-0.001465,0.006348,-0.013184,-0.000977,0.008270,0.002441,0.001953,-0.011719,-0.007782,-0.007324,0.002930,0.001923,-0.000488,0.006348,-0.000977,0.000977,0.005829,0.001953,-0.002930,0.009735,-0.000977,-0.002930,-0.001953,0.000946,-0.001465,-0.002441,0.005371,-0.005860,-0.006348,-0.005371,-0.003906,-0.003418,0.002930,-0.006348,-0.000977,-0.000977,0.003906,-0.004883,0.002930,0.000458,-0.018006,-0.002930,0.002411,-0.002441,0.003906,-0.003418,0.009735,-0.018036,0.009247,-0.000977,-0.003906,-0.006806,-0.002930,0.013642,0.003388,0.003418,-0.008301,0.002441,-0.003906,-0.003906,0.002930,0.003388,-0.002930,0.000488,0.002930,0.002441,0.003388,0.003418,0.000458,-0.004395,-0.006317,-0.006836,-0.005371,-0.002930,-0.000488,-0.001465,0.001923,0.005860,0.006348,0.003876,0.007324,-0.004395,-0.000031,0.000000,0.002930,0.004395,-0.000488,0.005341,-0.005860,-0.005860,-0.001465,0.002441,-0.002930,0.005829,0.013153,-0.000977,0.002930,0.002930,0.004852,0.001465,0.001953,-0.001953,0.000458,-0.003388,0.001434,0.003418,-0.003906,0.004852,0.000977,0.001953,0.002441,0.000458,-0.002441,0.011231,0.002411,-0.000488,-0.004852,-0.001495,0.003906,-0.005371,0.000488,0.001953,-0.006348,-0.000488,-0.001953,-0.004395,0.006806,-0.008270,0.006317,-0.006348,-0.004395,-0.000977,0.008270,0.000000,0.001465,0.004852,0.001953,0.005341,0.010254,0.003388,0.006348,-0.000488,0.006806,0.007294,0.002930,-0.000977,-0.004883,0.004395,-0.005371,0.003906,-0.003418,0.005829,0.002930,0.000977,0.003906,-0.006836,-0.000488,-0.000488,-0.002930,0.008759,0.005371,0.006806,0.002441,-0.003906,0.007782,-0.012177,0.006317,-0.007782,0.003388,0.002930,0.002411,0.000000,0.001953,0.003876,-0.003388,0.000946,0.001465,-0.003906,0.007324,0.001465,0.007782,0.004883,0.003388,0.000000,-0.001953,0.000488,0.005829,0.000000,0.000488,0.008759,-0.004395,0.006348,-0.002930,0.000458,0.008301,0.000000,-0.004395,0.001923,-0.002930,0.003906,-0.003906,-0.009735,-0.010742,0.002930,0.003876,0.004395,-0.001465,-0.006348,0.001953,-0.003906,-0.002441,-0.014618,0.005341,-0.000488,-0.003906,-0.006348,0.001953,0.005829,0.004395,-0.009278,-0.001465,-0.006348,-0.009247,0.000458,0.008301,-0.001007,0.001953,-0.004883,0.009278,-0.005371,0.005341,0.003418,-0.000488,-0.001953,-0.001953,0.000000,0.004852,-0.002930,0.008759,0.009735,-0.000977,0.000488,-0.008301,-0.004364,-0.004395,0.001434,0.004883,-0.003906,-0.005371,-0.007813,0.006836,-0.006836,-0.000977,0.004395,-0.000031,-0.002930,-0.015107,0.000000,0.001465,0.004364,-0.000977,-0.001953,0.005860,0.002930,0.000000,0.001923,-0.010224,0.008270,-0.001465,-0.004395,0.000977,0.005829,0.005371,0.003388,0.001953,-0.001465,0.003876,-0.006348,-0.002930,0.005371,0.010224,0.000488,0.001434,-0.003876,0.000458,0.006348,0.001953,-0.001953,0.007294,0.001953,0.006806,-0.001953,0.005341,-0.001923,0.007782,0.001465,0.007294,0.008789,0.000458,-0.000488,-0.001953,0.001953,0.001465,-0.001953,-0.000977,-0.002441,-0.005371,-0.000488,0.001953,0.003388,-0.002930,-0.003418,-0.001953,0.000000,-0.002441,0.002441,0.002899,-0.004395,0.001465,-0.004852,-0.001495,0.002441,-0.002930,-0.014130,0.008270,-0.004395,0.004852,0.001465,0.001465,0.000977,0.008759,-0.002930,-0.000488,-0.005860,-0.005860,0.007324,-0.001953,-0.003906,0.004852,0.002930,-0.000977,-0.002930,-0.002441,0.000000,-0.008301,0.004883,0.004364,-0.000488,0.002441,-0.000488,0.003388,0.004395,0.006317,0.005860,-0.006836,0.002441,-0.004883,0.003418,0.001465,-0.008301,0.004395,-0.005860,-0.004883,-0.002441,0.003906,0.000488,-0.000488,0.003388,0.008759,0.006836,0.006806,-0.005371,0.002441,-0.001953,-0.008270,-0.008789,0.003906,-0.001007,0.007324,-0.003906,-0.004883,-0.005371,0.004883,0.000000,-0.002441,-0.007324,-0.000977,0.005341,-0.007813,-0.001465,-0.000977,-0.006348,0.007324,-0.001495,0.000488,0.003906,0.002930,0.001434,-0.010712,-0.005860,-0.000488,-0.005371,0.000000,-0.001465,0.006317,-0.003388,0.002899,0.009278,0.001434,0.001953,0.009735,-0.008270,-0.002930,0.010224,0.002930,0.002411,0.008270,-0.002930,-0.004395,-0.004395,-0.005341,0.001465,0.002411,0.004395,0.002930,-0.002441,0.006317,-0.011689,-0.005860,0.008270,0.000488,0.010224,0.002930,0.002441,-0.004395,0.003876,0.004883,0.002899,-0.006317,-0.008301,0.006348,0.003388,0.002930,0.001953,-0.000519,0.011231,0.003388,0.006836,0.003388,-0.011689,0.006806,-0.000488,0.000488,-0.001953,-0.008301,0.007813,-0.009278,0.001465,0.004395,0.003876,0.007324,0.001465,0.004364,-0.010712,0.006806,0.008759,0.008270,0.002441,-0.000977,-0.003418,-0.008270,-0.000977,-0.001007,-0.003388,0.006317,0.000488,0.005341,0.000977,-0.010224,-0.001953,0.005341,-0.007294,0.007294,0.000977,0.001465,0.001465,-0.010742,0.014130,0.001465,0.006317,-0.010712,-0.000977,0.001465,-0.002930,0.000946,-0.012177,0.000977,0.002441,0.003388,0.000977,0.005829,-0.006317,-0.007324,-0.000488,-0.000977,0.000946,0.000977,0.008789,-0.001007,-0.002441,0.002930,0.011689,-0.002930,0.001953,-0.008789,0.003418,-0.007324,-0.001953,-0.003418,-0.000488,-0.005860,-0.004395,-0.002441,0.000488,0.000488,0.005829,0.001465,-0.001465,-0.000977,-0.006836,0.003906,-0.011231,0.000488,-0.001953,-0.003418,0.000977,-0.004852,-0.001495,-0.001465,-0.000977,0.010712,0.001465,0.001465,-0.002930,-0.003906,0.008270,-0.015107,-0.001953,-0.008270,0.002899,-0.000488,0.004395,-0.004395,-0.005860,0.002441,0.000000,0.000946,0.000977,0.004883,0.014588,0.005371,-0.005860,0.000000,0.004364,0.003906,0.000977,0.001923,0.004395,0.009735,-0.001953,0.013642,0.009247,0.009278,0.015595,0.005341,-0.003418,0.010742,0.004852,-0.004883,-0.006806,0.001465,-0.008301,-0.000977,0.002930,0.004364,-0.000977,-0.003418,-0.001953,-0.002441,-0.004395,0.001953,-0.000488,0.003906,0.004364,-0.010224,-0.002441,-0.003418,-0.005860,-0.005371,0.003418,-0.003906,0.000000,-0.008301,0.003906,-0.001953,0.007294,0.005371,0.005829,0.000977,0.005341,-0.003388,-0.001007,-0.003388,-0.003906,-0.003418,0.000977,-0.001465,0.001923,0.000488,0.000977,-0.002441,-0.006836,0.001465,-0.000488,0.005341,-0.008759,-0.006836,-0.003906,0.001465,0.005371,-0.000488,0.002411,0.003418,0.001465,-0.006836,-0.001465,-0.009766,-0.001923,-0.007324,0.000977,-0.009278,0.006806,0.000488,0.009247,0.006836,-0.002441,-0.005860,-0.013153,-0.000977,-0.001007,-0.003388,-0.007324,0.006348,0.000946,0.000000,0.002441,0.001465,-0.004883,-0.002441,0.000000,-0.003418,0.002411,-0.004852,-0.009766,0.000977,0.002930,0.002441,-0.006836,0.002441,-0.001953,-0.001465,-0.006348,0.000458,-0.007294,0.000458,-0.000977,0.000977,0.001953,-0.010254,0.011231,-0.005371,0.002441,0.003876,-0.004883,-0.007294,-0.005371,0.009247,0.000000,0.000977,-0.000977,0.004364,0.004395,0.004852,-0.003388,-0.013184,0.007813,-0.000977,0.012665,0.001923,0.000000,-0.006348,0.004395,-0.009766,0.002930,-0.008759,0.001923,-0.005341,0.000458,-0.003906,0.003418,-0.006348,0.007294,0.001465,0.005860,-0.006836,0.000000,0.008270,-0.005371,-0.001465,-0.008270,0.010224,0.000977,-0.009766,0.002441,0.001953,-0.003906,0.002899,0.015107,0.007813,0.002411,0.000977,-0.001465,0.007294,0.008301,0.008270,-0.000977,-0.001953,0.007782,0.001953,0.008759,0.000977,-0.002930,0.003876,-0.005829,0.018006,0.004883,0.004852,-0.002930,0.003418,0.003876,0.006806,0.000000,0.005860,0.000946,0.011231,-0.001465,0.001434,-0.008759,-0.000488,-0.002441,0.000488,0.008270,0.000977,-0.000031,0.003418,-0.000488,-0.004395,0.003388,-0.003906,0.001953,0.000000,0.014588,-0.005829,-0.009766,0.003418,0.002930,0.000458,-0.003906,-0.002930,0.003418,0.000977,0.000458,0.004883,-0.005860,0.001465,0.002441,-0.004883,0.003388,0.001953,0.000977,-0.002930,0.007294,-0.010712,-0.000031,-0.010224,-0.000977,-0.000977,0.000458,0.007813,0.001465,0.006806,0.004852,-0.004364,0.008270,-0.003418,-0.004883,-0.005371,-0.010712,-0.000977,0.007782,0.001465,0.002930,0.001465,-0.006836,0.004883,-0.002441,-0.001953,-0.002441,0.000458,0.004883,0.007294,0.006806,0.001465,0.008789,-0.004883,-0.001465,0.000977,0.003388,0.003906,0.007294,-0.004883,0.003418,0.004852,-0.001465,-0.002441,-0.001953,0.002930,0.013153,-0.000977,-0.007813,-0.012177,0.000458,0.004395,-0.004395,0.008759,-0.002441,-0.000488,0.000977,0.002441,0.002411,0.001953,0.000977,0.007294,0.013153,0.002930,0.002930,-0.010254,-0.000977,0.005860,0.002899,0.000977,-0.000977,0.001953,0.005829,-0.003418,0.002930,-0.005860,0.002930,-0.005860,-0.002930,0.010712,-0.003906,0.003418,-0.003906,0.004883,-0.006836,-0.003906,-0.006348,0.001953,-0.008301,-0.003418,0.013642,-0.001465,0.004395,-0.015595,-0.008301,0.004852,-0.003388,0.001923,0.005860,-0.004395,-0.004883,0.002930,-0.014618,0.007294,0.012177,0.003418,-0.013153,-0.003418,-0.036073,-0.001465,0.082338,0.028260,-0.097933,-0.057039,0.048250,0.124759,-0.012207,0.051179,0.037019,0.014130,0.126712,-0.002441,-0.079439,-0.082857,0.052644,0.104281,0.017060,-0.114047,-0.045320,0.071627,0.096987,-0.017579,-0.109652,-0.036561,0.096987,0.074068,-0.039979,-0.104769,-0.018036,0.089175,0.058961,-0.076509,-0.092593,0.016053,0.110141,0.023408,-0.104800,-0.075045,0.061403,0.095492,-0.005829,-0.102359,-0.043367,0.090639,0.083803,-0.052644,-0.096499,0.005371,0.101840,0.038972,-0.099887,-0.073610,0.059938,0.091616,-0.013153,-0.101870,-0.022889,0.094515,0.061891,-0.063356,-0.092104,0.026795,0.108188,0.015595,-0.106723,-0.051668,0.092104,0.067720,-0.057008,-0.098452,0.015595,0.116946,0.011689,-0.107211,-0.048738,0.078463,0.075045,-0.050691,-0.086733,0.027772,0.097933,0.008759,-0.105258,-0.038514,0.103793,0.047761,-0.076509,-0.072603,0.051149,0.100894,-0.018036,-0.106723,-0.006348,0.113040,0.038026,-0.099429,-0.046327,0.066774,0.063844,-0.060426,-0.089693,0.038026,0.106204,-0.014130,-0.106234,-0.011231,0.098940,0.021912,-0.096499,-0.053590,0.095522,0.067232,-0.062380,-0.083834,0.058473,0.094546,-0.035096,-0.104769,0.010224,0.115970,-0.000977,-0.103793,-0.032166,0.096957,0.031678,-0.101351,-0.042421,0.085787,0.050172,-0.080416,-0.068727,0.055086,0.073091,-0.056550,-0.089663,0.042390,0.095034,-0.045839,-0.080385,0.026795,0.112063,-0.015595,-0.100894,0.012696,0.110598,0.007324,-0.108188,-0.005860,0.104281,0.025819,-0.094546,-0.019013,0.108188,0.018006,-0.103793,-0.026826,0.105746,0.033631,-0.092593,-0.039491,0.097964,0.043855,-0.097476,-0.042421,0.092104,0.045808,-0.103793,-0.036561,0.092104,0.034577,-0.098940,-0.034608,0.105288,0.024842,-0.098452,-0.038514,0.108676,0.033143,-0.099429,-0.014130,0.095980,0.019501,-0.097476,-0.009766,0.099917,0.005829,-0.100863,0.006806,0.105746,-0.011689,-0.099917,0.005371,0.095004,-0.029725,-0.102359,0.024354,0.094058,-0.047273,-0.081392,0.055574,0.073091,-0.068239,-0.062868,0.084780,0.059938,-0.088198,-0.042909,0.096987,0.036530,-0.091128,-0.032655,0.103305,0.017548,-0.103793,0.021424,0.088686,-0.023408,-0.081850,0.053590,0.065309,-0.072145,-0.070192,0.088229,0.055055,-0.105288,-0.019959,0.101840,0.012177,-0.094058,0.015107,0.084292,-0.030701,-0.080904,0.064821,0.071627,-0.083834,-0.039460,0.104281,0.030701,-0.095034,0.004364,0.096987,-0.027802,-0.094058,0.062868,0.062868,-0.084322,-0.034608,0.110141,0.031190,-0.095522,0.002899,0.102359,-0.036561,-0.071657,0.066286,0.053590,-0.091616,-0.032166,0.093569,-0.005371,-0.096987,0.040925,0.067262,-0.068727,-0.051179,0.101870,0.021424,-0.101382,0.019990,0.092593,-0.068727,-0.061403,0.086733,0.032655,-0.102359,0.003906,0.092593,-0.044862,-0.081850,0.078432,0.045320,-0.108676,0.000000,0.098910,-0.037507,-0.072634,0.079439,0.037507,-0.104769,-0.000977,0.086733,-0.043367,-0.065309,0.088686,0.032655,-0.103335,0.014130,0.092104,-0.064333,-0.060426,0.088686,0.014130,-0.094058,0.048707,0.075045,-0.088198,-0.037049,0.098452,-0.017060,-0.083346,0.068697,0.049226,-0.093569,-0.003906,0.099429,-0.052644,-0.068239,0.094058,0.008759,-0.092593,0.045320,0.071627,-0.098940,-0.026795,0.105258,-0.027802,-0.068697,0.085757,0.028260,-0.097476,0.033143,0.064790,-0.079439,-0.022889,0.102328,-0.032655,-0.073580,0.094027,0.032655,-0.107699,0.034608,0.057497,-0.096011,-0.010742,0.097476,-0.052644,-0.049714,0.103305,0.000977,-0.081881,0.059938,0.040437,-0.088686,0.016571,0.083315,-0.074556,-0.028779,0.099917,-0.043855,-0.060945,0.094058,-0.002441,-0.094546,0.070162,0.038972,-0.096957,0.024354,0.067720,-0.085268,-0.010254,0.095034,-0.052156,-0.047761,0.100375,-0.023896,-0.077486,0.085787,0.010224,-0.091616,0.062380,0.034089,-0.097933,0.024354,0.065767,-0.085268,0.008270,0.094058,-0.077028,-0.037019,0.098910,-0.051668,-0.063844,0.104769,-0.025819,-0.051668,0.090639,0.008270,-0.087221,0.066286,0.030671,-0.095522,0.056062,0.041413,-0.104312,0.045808,0.068239,-0.104312,0.015595,0.068209,-0.089175,-0.016571,0.083803,-0.089663,-0.008301,0.091616,-0.057985,-0.033143,0.103305,-0.056062,-0.037019,0.097445,-0.039460,-0.045350,0.105288,-0.032655,-0.064333,0.106234,-0.024384,-0.061403,0.102816,-0.023896,-0.064821,0.116489,-0.019013,-0.065798,0.096957,0.000977,-0.068239,0.102359,-0.008301,-0.075045,0.104281,-0.018036,-0.062380,0.107699,-0.008789,-0.070192,0.088686,-0.019013,-0.072603,0.104769,-0.020966,-0.046296,0.098452,-0.029267,-0.067262,0.089205,-0.024872,-0.032166,0.093569,-0.041444,-0.052156,0.072145,-0.056062,-0.024842,0.108645,-0.050660,-0.022431,0.059938,-0.076052,-0.013642,0.086275,-0.048738,0.029206,0.056550,-0.093111,0.004395,0.041902,-0.046785,0.060426,0.042878,-0.095034,0.005860,0.001434,-0.057008,0.083803,0.038026,-0.056550,0.019990,-0.060915,-0.056550,0.082369,0.039949,0.006806,0.039979,-0.088717,-0.049226,0.045320,0.010224,0.058961,0.050691,-0.090151,-0.051179,0.001923,-0.008759,0.097933,0.063356,-0.044343,-0.042421,-0.065798,-0.025330,0.091586,0.072634,0.001923,-0.019990,-0.104281,-0.056550,0.069704,0.074068,0.061372,-0.005829,-0.110660,-0.058961,0.034120,0.069185,0.098910,0.002930,-0.083834,-0.082827,-0.009766,0.063844,0.108676,0.017548,-0.076509,-0.094088,-0.047273,0.059450,0.103793,0.043855,-0.045320,-0.101840,-0.068727,0.062380,0.105258,0.067720,-0.020936,-0.116489,-0.072634,0.034608,0.110141,0.068697,-0.022889,-0.109164,-0.061403,0.037995,0.100405,0.071627,-0.047761,-0.104800,-0.073091,0.037507,0.097964,0.067232,-0.044831,-0.106234,-0.058504,0.052644,0.106723,0.052614,-0.056520,-0.101382,-0.042878,0.068209,0.119418,0.030671,-0.084780,-0.095522,-0.022431,0.084292,0.095522,0.014130,-0.097964,-0.084810,0.014618,0.102816,0.076998,-0.036561,-0.107211,-0.065798,0.057008,0.104281,0.042421,-0.059969,-0.097933,-0.015137,0.089205,0.095980,-0.008759,-0.108188,-0.078493,0.030701,0.102328,0.055086,-0.058992,-0.105746,-0.029725,0.095004,0.091616,-0.001465,-0.109652,-0.072634,0.037538,0.103793,0.045808,-0.077486,-0.100894,-0.011231,0.092593,0.080416,-0.045320,-0.109164,-0.039979,0.069673,0.098452,0.015595,-0.108676,-0.077517,0.024384,0.105258,0.045320,-0.076052,-0.088686,0.002441,0.107699,0.060915,-0.054109,-0.111117,-0.031190,0.089175,0.088198,-0.011689,-0.097964,-0.051668,0.080416,0.091128,-0.003906,-0.103793,-0.056062,0.067720,0.106234,0.010742,-0.087740,-0.076021,0.042878,0.110141,0.029725,-0.100405,-0.077974,0.052125,0.114535,0.027283,-0.091647,-0.077974,0.031678,0.109164,0.027772,-0.097964,-0.079439,0.038026,0.115481,0.024842,-0.087710,-0.080904,0.037507,0.108188,0.027772,-0.084810,-0.071138,0.046296,0.106723,0.022889,-0.100405,-0.074556,0.062380,0.103305,0.014130,-0.108188,-0.059450,0.076021,0.095004,-0.014618,-0.107699,-0.036561,0.088686,0.083834,-0.051668,-0.107699,-0.020478,0.098940,0.052614,-0.065798,-0.104312,0.022431,0.096468,0.037049,-0.096499,-0.084322,0.046296,0.101351,0.002930,-0.096011,-0.038514,0.078951,0.078951,-0.047761,-0.096987,-0.006348,0.094058,0.043855,-0.084810,-0.077028,0.047273,0.091128,-0.007813,-0.115970,-0.044862,0.086764,0.068209,-0.063844,-0.089205,0.023896,0.105258,0.021424,-0.097933,-0.056062,0.087710,0.079439,-0.049226,-0.098940,0.001953,0.110629,0.041902,-0.105288,-0.055543,0.074556,0.076998,-0.041932,-0.097933,0.004852,0.099887,0.021943,-0.106723,-0.048738,0.088198,0.080904,-0.068239,-0.091158,0.025361,0.109622,0.009278,-0.099917,-0.028748,0.094058,0.059938,-0.083834,-0.070192,0.058473,0.087221,-0.025330,-0.099917,0.016571,0.114017,0.017060,-0.101870,-0.052614,0.099398,0.060915,-0.091128,-0.076509,0.065279,0.080416,-0.033143,-0.096987,0.015595,0.092593,0.011689,-0.106234,-0.018525,0.103793,0.035066,-0.106723,-0.043367,0.097933,0.054597,-0.085787,-0.072145,0.065798,0.076509,-0.052156,-0.085757,0.040925,0.091616,-0.028779,-0.098940,0.022919,0.104281,-0.000488,-0.105777,-0.011689,0.101840,0.011689,-0.096468,-0.023896,0.105746,0.032166,-0.103335,-0.047273,0.100894,0.047242,-0.100863,-0.050691,0.091586,0.059450,-0.096011,-0.049714,0.082369,0.054567,-0.085787,-0.064821,0.093569,0.072603,-0.086733,-0.060945,0.079439,0.064821,-0.082857,-0.060426,0.085757,0.055543,-0.083834,-0.053590,0.098422,0.060426,-0.089175,-0.053621,0.085268,0.039979,-0.095522,-0.049226,0.100375,0.045320,-0.092593,-0.032166,0.091128,0.018525,-0.100894,-0.027802,0.094058,0.017548,-0.104281,0.007782,0.092593,-0.003906,-0.101870,0.016571,0.097476,-0.038514,-0.095522,0.039460,0.085299,-0.057039,-0.073580,0.061861,0.069216,-0.090670,-0.053102,0.087221,0.044343,-0.098940,-0.042390,0.111575,0.016083,-0.088198,0.005829,0.104769,-0.004883,-0.097476,0.046296,0.088686,-0.060915,-0.066286,0.071169,0.060915,-0.092135,-0.048250,0.106723,0.028291,-0.098940,-0.003418,0.092593,-0.024384,-0.097476,0.048738,0.073580,-0.069185,-0.067262,0.088686,0.036042,-0.090639,-0.010742,0.094058,-0.007294,-0.090670,0.057008,0.073610,-0.065798,-0.052644,0.077974,0.034577,-0.087710,0.002411,0.089205,-0.027802,-0.087221,0.062380,0.072115,-0.081392,-0.033631,0.097933,0.005371,-0.097476,0.021424,0.080416,-0.072634,-0.055543,0.088198,0.041413,-0.094546,0.007813,0.084292,-0.038026,-0.080904,0.073610,0.057497,-0.095034,-0.006836,0.097476,-0.026826,-0.088686,0.068727,0.053590,-0.094058,-0.021943,0.093569
0.004852,0.000000,0.000000,0.000000,0.000000,0.000000,0.000000,0.000000,0.000000,0.000000,0.000000,0.003388,-0.001465,0.003418,0.001465,-0.008789,-0.001465,-0.001465,-0.008301,0.004883,-0.001953,0.000458,0.000488,0.006348,-0.010254,-0.000977,0.013153,0.011200,-0.012665,-0.021943,0.007294,0.020478,0.004852,0.018525,-0.000488,0.009247,0.024384,0.003876,-0.015107,-0.019501,0.008270,0.017548,0.010742,-0.015137,-0.010224,0.009247,0.022919,0.001923,-0.026307,-0.007813,0.013153,0.016083,0.000458,-0.019013,-0.000488,0.019013,0.016083,-0.008301,-0.023408,-0.002441,0.015595,0.014130,-0.014618,-0.015107,0.010712,0.024354,0.000000,-0.026795,-0.011689,0.017548,0.020447,-0.008759,-0.021943,-0.004395,0.019959,0.015107,-0.017548,-0.022919,0.014618,0.014618,0.001465,-0.029237,-0.011719,0.029725,0.018036,-0.012696,-0.016571,-0.000977,0.020478,0.007294,-0.027772,-0.015107,0.013153,0.020936,-0.012177,-0.014618,0.014588,0.020478,-0.031190,-0.063844,0.059450,0.069185,-0.001465,-0.103823,-0.025819,0.095522,0.071138,-0.096499,-0.066286,0.066774,0.088686,-0.061891,-0.104800,-0.004852,0.079409,0.060426,-0.104769,-0.044831,0.094027,0.064821,-0.055086,-0.109164,0.045808,0.088686,-0.024354,-0.105258,0.009735,0.090151,0.031159,-0.081392,-0.055543,0.077486,0.068697,-0.086275,-0.065798,0.029237,0.097964,-0.015625,-0.096011,0.028260,0.082369,0.034089,-0.103793,-0.029725,0.096957,0.041902,-0.106234,-0.047761,0.088686,0.063356,-0.072145,-0.071138,0.057008,0.090151,-0.062868,-0.062868,0.028260,0.091128,0.002441,-0.113559,0.013642,0.073091,0.011200,-0.100894,-0.010712,0.095492,0.050203,-0.094546,-0.028291,0.102847,0.050172,-0.106723,-0.042909,0.086733,0.028260,-0.060915,-0.056062,0.076998,0.073122,-0.097964,-0.048250,0.058961,0.073580,-0.074556,-0.068727,0.079439,0.084780,-0.081850,-0.080904,0.066744,0.060915,-0.085757,-0.068727,0.086733,0.046296,-0.054567,-0.063387,0.061403,0.069216,-0.104800,-0.042390,0.073091,0.071138,-0.080416,-0.065309,0.073610,0.073580,-0.093569,-0.051179,0.097933,0.044831,-0.105746,-0.033143,0.102328,0.012665,-0.074068,-0.014618,0.084780,0.029725,-0.112582,0.025361,0.077974,-0.017060,-0.083834,0.015595,0.085268,-0.025819,-0.095034,0.041413,0.084780,-0.064302,-0.078951,0.077944,0.077974,-0.106234,-0.027283,0.099398,0.027772,-0.078463,-0.038972,0.107211,-0.010742,-0.097964,0.022431,0.083803,-0.033631,-0.081392,0.061891,0.071138,-0.063356,-0.078463,0.076021,0.053102,-0.083803,-0.050203,0.112063,0.009278,-0.110141,0.031159,0.067751,-0.037538,-0.085757,0.070162,0.065309,-0.089205,-0.046296,0.106723,0.019959,-0.102328,0.031190,0.090639,-0.058015,-0.079928,0.077974,0.074556,-0.093081,-0.044343,0.110141,-0.028291,-0.076509,0.022889,0.086733,-0.063356,-0.069673,0.087710,0.042878,-0.086733,-0.010742,0.097476,-0.067262,-0.085299,0.080416,0.064302,-0.098422,0.008270,0.084292,-0.034120,-0.063844,0.039979,0.086245,-0.102816,-0.034120,0.107669,-0.020447,-0.085787,0.071138,0.069185,-0.098910,-0.031190,0.081362,-0.012665,-0.083834,0.056520,0.055055,-0.060426,-0.040437,0.082827,-0.006806,-0.110171,0.075533,0.061403,-0.092104,-0.012696,0.096011,-0.028748,-0.064333,0.067720,0.038026,-0.087252,-0.014618,0.094058,-0.044343,-0.067751,0.103793,0.015595,-0.109164,0.056032,0.055086,-0.062868,-0.058015,0.116489,-0.006348,-0.102359,0.070192,0.042390,-0.109164,-0.005860,0.094058,-0.076540,-0.045808,0.100405,0.003388,-0.087221,0.047242,0.062380,-0.091616,-0.030701,0.114535,-0.068239,-0.049226,0.081850,0.006348,-0.078951,0.039460,0.057985,-0.089175,0.004852,0.072145,-0.053132,-0.052644,0.088198,-0.020478,-0.081392,0.083346,0.041902,-0.108188,0.054079,0.057527,-0.071169,-0.031678,0.079928,-0.046785,-0.075075,0.106234,-0.000488,-0.091616,0.075045,0.066286,-0.101382,0.042390,0.075533,-0.091616,-0.035096,0.107211,-0.077974,-0.075075,0.119907,-0.032166,-0.065309,0.078463,0.021912,-0.071169,0.039491,0.051149,-0.104281,0.019501,0.059938,-0.072145,-0.022919,0.095034,-0.068239,-0.039460,0.079897,-0.021424,-0.080904,0.072115,0.008270,-0.092593,0.090639,0.009735,-0.086733,0.095492,0.025819,-0.081850,0.049714,0.049684,-0.113070,0.038026,0.046296,-0.088717,0.007813,0.082857,-0.096041,0.008789,0.077974,-0.083346,-0.024872,0.069185,-0.051637,-0.061922,0.096499,-0.017548,-0.073610,0.110629,-0.017548,-0.068727,0.078463,-0.000488,-0.100405,0.094058,0.015595,-0.064821,0.074068,0.025330,-0.086245,0.062380,0.023865,-0.092593,0.075045,0.018525,-0.092623,0.093081,0.002441,-0.075045,0.081362,0.017548,-0.103793,0.088686,0.002899,-0.088198,0.082338,0.046296,-0.077486,0.096987,0.012665,-0.114535,0.108188,0.013642,-0.075533,0.066255,-0.011689,-0.056520,0.065279,0.012665,-0.056032,0.097445,-0.022400,-0.066286,0.058961,-0.032166,-0.048738,0.109652,-0.016083,-0.038514,0.059450,-0.043367,-0.068239,0.090639,-0.027802,-0.000488,0.091128,-0.096468,-0.013672,0.057985,-0.055055,0.034089,0.089205,-0.105288,-0.008759,0.012665,-0.068239,0.053102,0.093569,-0.056520,0.017518,0.004395,-0.109652,0.066774,0.045289,-0.006317,0.068209,-0.065309,-0.066774,0.024354,0.010742,0.044343,0.090151,-0.066774,-0.059480,-0.022889,-0.045808,0.061372,0.081881,-0.029725,-0.014618,-0.088229,-0.047273,0.070162,0.080904,0.033143,-0.025849,-0.073580,-0.085787,0.036561,0.072603,0.080385,0.016083,-0.079439,-0.083803,-0.016602,0.044374,0.111087,0.028260,-0.058473,-0.076509,-0.073122,0.047761,0.114993,0.051668,-0.030701,-0.113070,-0.064821,0.008270,0.097964,0.082338,0.000000,-0.105258,-0.084810,0.000488,0.076021,0.086245,0.010712,-0.092593,-0.090639,-0.005860,0.114993,0.093081,0.019013,-0.086733,-0.109164,0.014130,0.062837,0.106723,0.010224,-0.091616,-0.104769,0.015107,0.080874,0.098452,-0.002441,-0.103335,-0.096011,0.007813,0.084780,0.104769,-0.026307,-0.102359,-0.077974,0.005371,0.107211,0.047731,-0.020447,-0.112582,-0.065798,0.060915,0.117435,0.041413,-0.060426,-0.117953,-0.041902,0.087221,0.110141,0.007782,-0.094058,-0.071627,-0.018525,0.095004,0.084810,-0.053621,-0.091616,-0.088229,0.074068,0.099917,0.033631,-0.077517,-0.096468,-0.026337,0.095522,0.083803,-0.024842,-0.102359,-0.060915,0.061891,0.114017,0.016571,-0.078005,-0.111087,-0.009766,0.116489,0.063814,-0.009735,-0.117953,-0.055055,0.070650,0.095522,-0.007813,-0.080416,-0.086733,0.037507,0.118899,0.053621,-0.086764,-0.097964,-0.003906,0.073610,0.105746,-0.042421,-0.113040,-0.026826,0.066774,0.114505,-0.021943,-0.105258,-0.074556,0.048219,0.093569,0.035096,-0.090182,-0.086733,0.046296,0.105258,0.023865,-0.073580,-0.084322,0.000977,0.122318,0.065309,-0.085299,-0.081881,-0.012665,0.121341,0.043367,-0.070680,-0.088198,-0.004395,0.088686,0.083803,-0.057497,-0.116977,0.004395,0.091586,0.065309,-0.056062,-0.114993,0.002899,0.096499,0.059938,-0.043855,-0.111117,0.006806,0.076509,0.076021,-0.068727,-0.102816,0.007294,0.125736,0.056520,-0.071169,-0.080904,0.004883,0.103305,0.041902,-0.094546,-0.085787,0.023896,0.114017,0.029237,-0.110141,-0.058504,0.040956,0.109134,-0.018036,-0.106723,-0.047273,0.081392,0.086245,-0.017060,-0.102359,-0.028260,0.103793,0.066286,-0.078493,-0.111606,0.022919,0.076998,0.050660,-0.070650,-0.093081,0.075533,0.093569,0.002899,-0.114505,-0.059969,0.088229,0.079897,-0.055543,-0.095522,0.018494,0.095034,0.049714,-0.085299,-0.087221,0.052125,0.112094,-0.051668,-0.089663,-0.005860,0.071627,0.077486,-0.102359,-0.076509,0.037538,0.087710,0.001923,-0.105746,-0.047273,0.093081,0.077486,-0.078493,-0.082827,0.032624,0.093081,-0.011689,-0.079439,-0.061891,0.089663,0.081392,-0.098940,-0.067751,0.043367,0.100863,-0.020447,-0.121371,-0.013153,0.094058,0.046785,-0.089205,-0.054567,0.066744,0.089663,-0.053102,-0.094058,0.018494,0.093569,0.013642,-0.094546,-0.047761,0.122318,0.041413,-0.072634,-0.087221,0.057497,0.096987,-0.065798,-0.094058,0.044831,0.107211,-0.015107,-0.089205,-0.023865,0.088686,0.034089,-0.083803,-0.077486,0.112063,0.076998,-0.091616,-0.058961,0.054079,0.105258,-0.049714,-0.098910,0.053590,0.097476,-0.026826,-0.093081,0.004395,0.089663,0.020936,-0.106234,-0.019501,0.099917,0.047761,-0.129154,-0.036561,0.103793,0.031678,-0.076509,-0.065309,0.093081,0.064302,-0.086733,-0.053132,0.062380,0.068727,-0.067262,-0.067751,0.045808,0.085757,-0.076509,-0.087252,0.060915,0.106723,-0.076998,-0.076509,0.079928,0.057008,-0.045320,-0.101870,0.055055,0.085787,-0.058992,-0.061891,0.059938,0.090639,-0.048738,-0.078463,0.050660,0.100405,-0.073122,-0.091128,0.054079,0.069216,-0.058992,-0.076021,0.055543,0.094546,-0.088198,-0.063387,0.069704,0.066255,-0.071138,-0.068727,0.101840,0.063844,-0.085787,-0.051179,0.108676,0.015595,-0.090639,-0.019501,0.101840,0.012696,-0.099917,-0.000488,0.118411,-0.041902,-0.086764,0.026826,0.095492,-0.050691,-0.118411,0.070650,0.076021,-0.069216,-0.068209,0.098910,0.044343,-0.081392,-0.051179,0.085757,0.013642,-0.087221,-0.016083,0.106723,0.001465,-0.105288,0.054597,0.095034,-0.063875,-0.071138,0.055543,0.076998,-0.082369,-0.041413,0.091128,0.037019,-0.113070,0.019013,0.076509,-0.053132,-0.097933,0.083803,0.058961,-0.076509,-0.030213,0.074068,0.032136,-0.106234,0.003906,0.110598,-0.050660,-0.070192,0.069673,0.070650,-0.085757,-0.037538,0.075533,0.020936,-0.096499,0.021943,0.079928,-0.034120,-0.093081,0.080874,0.069704,-0.117465,-0.012177,0.096468,-0.032655,-0.076998,0.048250,0.088686,-0.086275,-0.050203,0.081392,0.006806,-0.112094,0.042909,0.071627,-0.075075,-0.057497,0.101351,0.004395,-0.092104,0.069673,0.074068,-0.074068,-0.053621,0.085757,0.027314,-0.119418,0.050203,0.087710,-0.069704,-0.052156,0.114535,-0.009766,-0.081850,0.043855,0.076021,-0.089205,-0.030701,0.085757,-0.022400,-0.064821,0.045289,0.068239,-0.084810,-0.022889,0.101351,-0.066286,-0.070680,0.078463,0.034608,-0.104312,0.037538,0.083803,-0.056520,-0.053132,0.083346,-0.007813,-0.086275,0.038026,0.074068,-0.117465,0.000000,0.098940,-0.051179,-0.058504,0.067262,0.041413,-0.104769,0.039949,0.067751,-0.076021,-0.048738,0.105746,-0.048738,-0.086275,0.088686,0.024354,-0.097933,0.051149,0.051179,-0.062380,-0.020966,0.092104,-0.034608,-0.076021,0.109622,-0.020447,-0.086275,0.059450,0.065279,-0.103305,0.024842,0.082369,-0.080904,-0.045320,0.078920,-0.038484,-0.078951,0.069673,0.028748,-0.107699,0.060915,0.065309,-0.101870,0.019501,0.051637,-0.059450,-0.044343,0.092593,-0.038026,-0.049226,0.086245,0.006348,-0.093569,0.057985,0.029237,-0.084810,0.031678,0.069185,-0.069704,-0.006348,0.093111,-0.063387,-0.042878,0.101840,-0.076021,-0.058961,0.080874,-0.030701,-0.083346,0.096987,0.001923,-0.073580,0.081850,0.033631,-0.086733,0.067232,0.048250,-0.108188,0.051149,0.047273,-0.089663,0.017060,0.085268,-0.047273,-0.042421,0.100894,-0.069704,-0.056062,0.091158,-0.047303,-0.072603,0.093081,-0.020478,-0.074068,0.094058,-0.021454,-0.082857,0.089663,-0.028748,-0.074068,0.095980,-0.000488,-0.069673,0.060915,0.044343,-0.110141,0.057985,0.035066,-0.087710,0.058473,0.055055,-0.075045,0.060426,0.047242,-0.109164,0.037049,0.033631,-0.069216,0.036073,0.067720,-0.086764,0.030701,0.047273,-0.105746,0.079409,0.028748,-0.092593,0.063356,0.035096,-0.100405,0.071627,0.041413,-0.080874,0.077944,0.016571,-0.100405,0.060945,0.030213,-0.100405,0.103793,0.034120,-0.104800,0.077486,-0.036073,-0.053590,0.079897,-0.007294,-0.062410,0.066286,-0.055574,-0.064821,0.085299,-0.018036,0.004364,0.083834,-0.068727,-0.056550,0.065309,-0.076021,0.030213,0.101840,-0.096499,-0.010712,0.006317,-0.059450,0.061403,0.071627,-0.033143,0.019013,-0.033631,-0.091158,0.058504,0.042878,0.018982,0.064333,-0.039002,-0.088198,0.016571,0.019471,0.033631,0.069673,-0.034608,-0.089663,-0.009278,-0.062380,0.053102,0.104769,-0.008759,-0.026826,-0.050691,-0.088686,0.046296,0.087221,0.023865,0.004883,-0.073610,-0.080904,-0.002441,0.087252,0.075045,0.030213,-0.057527,-0.099429,-0.020478,0.027283,0.104769,0.079439,-0.066774,-0.097476,-0.055543,0.008270,0.095492,0.096011,-0.029237,-0.096987,-0.091128,0.006806,0.074556,0.108188,0.000000,-0.098940,-0.076021,-0.015595,0.103793,0.095034,0.026795,-0.065798,-0.113070,-0.029237,0.084780,0.097964,0.025330,-0.064821,-0.113070,-0.027772,0.075045,0.105258,0.031190,-0.094546,-0.114535,-0.005860,0.068239,0.121829,0.004395,-0.075075,-0.085268,-0.023408,0.093569,0.097933,-0.010712,-0.098452,-0.087252,0.001465,0.106723,0.094546,-0.018036,-0.099429,-0.064333,0.026307,0.100405,0.088686,-0.064333,-0.108188,-0.066286,0.061891,0.113559,0.017029,-0.057497,-0.096499,-0.018036,0.082857,0.107669,-0.041413,-0.089205,-0.081392,0.044831,0.114047,0.059450,-0.068239,-0.096011,-0.059450,0.093539,0.088717,0.002411,-0.085268,-0.090670,0.053621,0.109134,0.048250,-0.069216,-0.096957,-0.037538,0.092104,0.086733,-0.016083,-0.098940,-0.079928,0.067262,0.109134,0.006836,-0.058015,-0.119388,0.018006,0.085787,0.070650,-0.044343,-0.115024,-0.021943,0.088686,0.098452,-0.024872,-0.081392,-0.077974,0.066255,0.100894,0.022889,-0.106723,-0.068727,0.038972,0.083834,0.063814,-0.088686,-0.091616,0.012177,0.083346,0.064790,-0.099887,-0.098940,-0.002930,0.106723,0.060915,-0.045320,-0.117465,-0.018036,0.088229,0.068697,-0.045808,-0.111117,-0.023896,0.122318,0.057497,-0.031678,-0.116489,-0.028260,0.083803,0.074068,-0.025330,-0.102847,-0.028260,0.094546,0.100375,-0.072115,-0.097476,-0.024872,0.087710,0.087740,-0.057039,-0.105746,0.000458,0.074587,0.089175,-0.072634,-0.111117,0.011689,0.090151,0.080416,-0.092593,-0.093569,0.025819,0.095004,0.026307,-0.071138,-0.099429,0.038972,0.112582,0.021424,-0.092593,-0.075075,0.046296,0.112582,-0.036561,-0.099917,-0.039460,0.082338,0.116977,-0.075075,-0.098940,-0.010712,0.089663,0.058473,-0.057008,-0.087740,0.044831,0.106234,0.000000,-0.114535,-0.048219,0.046266,0.078463,-0.013642,-0.113070,-0.012177,0.104769,0.048738,-0.069704,-0.119418,0.060426,0.105777,-0.012696,-0.108188,-0.025361,0.078951,0.084322,-0.051668,-0.103823,0.013642,0.103793,0.006836,-0.069704,-0.076998,0.083315,0.084810,-0.069216,-0.088198,-0.007324,0.117923,0.011689,-0.093569,-0.046296,0.088686,0.060426,-0.057008,-0.111606,0.027283,0.107699,0.004364,-0.092593,-0.025819,0.079409,0.086733,-0.105746,-0.096011,0.044831,0.088686,-0.008789,-0.119388,0.010224,0.111117,0.024842,-0.110141,-0.042390,0.068209,0.078951,-0.056062,-0.095034,0.057008,0.098452,-0.041444,-0.085268,-0.009766,0.108676,0.021943,-0.098940,-0.014618,0.073580,0.072603,-0.085787,-0.077486,0.064333,0.082827,-0.076509,-0.078463,0.057985,0.095522,-0.028291,-0.098940,0.001953,0.091616,0.020447,-0.125736,-0.007294,0.110141,0.020447,-0.072603,-0.067262,0.101840,0.047273,-0.090639,-0.060457,0.084810,0.059450,-0.068727,-0.073122,0.060915,0.079439,-0.051668,-0.080385,0.057985,0.077456,-0.036561,-0.084780,0.034577,0.103305,-0.076998,-0.072145,0.014130,0.089693,-0.035584,-0.093081,0.035096,0.110110,-0.040925,-0.103823,0.048250,0.097933,-0.035554,-0.096011,0.030213,0.108645,-0.053590,-0.100405,0.045808,0.088686,-0.032655,-0.120364,0.059450,0.088686,-0.054109,-0.094058,0.059450,0.067720,-0.063844,-0.087252,0.067262,0.084322,-0.041932,-0.071627,0.068209,0.091616,-0.102816,-0.075563,0.098452,0.037019,-0.068727,-0.056520,0.104769,0.033631,-0.095522,-0.008301,0.096987,-0.009766,-0.100863,0.017029,0.094058,-0.027772,-0.082857,0.047761,0.083803,-0.026307,-0.119418,0.054109,0.077486,-0.092623,-0.048738,0.069216,0.049714,-0.078951,-0.006348,0.099887,0.002930,-0.103823,0.010224,0.096011,-0.065309,-0.095522,0.059938,0.081850,-0.060426,-0.065798,0.091128,0.043367,-0.120853,0.018006,0.072145,-0.003906,-0.103335,0.036561,0.094546,-0.073122,-0.079928,0.089663,0.048250,-0.101870,-0.008270,0.088198,-0.026795,-0.109164,0.075045,0.056032,-0.059938,-0.042878,0.073091,0.058961,-0.117953,0.016571,0.085268,-0.057497,-0.083834,0.072603,0.055543,-0.079439,-0.026307,0.077974,0.006317,-0.092104,0.038026,0.082827,-0.061891,-0.087221,0.083803,0.021912,-0.118411,0.041413,0.081392,-0.041444,-0.067262,0.076021,0.041413,-0.105258,-0.002441,0.099429,-0.049745,-0.083803,0.096011,0.025330,-0.101870,0.024354,0.085787,-0.056550,-0.068727,0.064333,0.040925,-0.120853,0.035096,0.071138,-0.057985,-0.046785,0.080385,0.000000,-0.087221,0.036530,0.065798,-0.073122,-0.049226,0.096499,-0.023408,-0.083803,0.039460,0.089175,-0.081881,-0.021912,0.111575,-0.065798,-0.071627,0.061891,0.008759,-0.086733,0.035554,0.073580,-0.071138,-0.028291,0.090151,-0.009735,-0.083834,0.071627,0.043367,-0.089175,0.011689,0.109164,-0.062868,-0.061403,0.109622,-0.032655,-0.093081,0.061891,0.038514,-0.076540,0.008789,0.078920,-0.069673,-0.031190,0.087710,-0.024384,-0.087710,0.075045,0.014130,-0.096011,0.039949,0.071138,-0.097476,0.011231,0.080874,-0.048250,-0.068209,0.096468,-0.009247,-0.111606,0.080874,0.029725,-0.093081,0.040437,0.085299,-0.099429,0.004852,0.090639,-0.059938,-0.058504,0.120364,-0.040437,-0.094058,0.100863,0.000488,-0.086733,0.054079,0.046296,-0.073610,0.013642,0.091128,-0.083315,-0.019501,0.081850,-0.053590,-0.065798,0.093569,-0.038514,-0.070162,0.071627,0.012665,-0.107699,0.050172,0.044862,-0.111117,0.065767,0.047761,-0.091128,0.055543,0.059938,-0.086733,0.001923,0.076021,-0.079439,0.001465,0.078951,-0.057039,-0.038026,0.103335,-0.072634,-0.039460,0.095980,-0.053590,-0.049714,0.074556,-0.014618,-0.078005,0.071169,0.013642,-0.110171,0.091158,0.015564,-0.096957,0.050660,0.041902,-0.113070,0.064821,0.042878,-0.080416,0.051179,0.056032,-0.104769,0.036042,0.078463,-0.096987,0.049714,0.045320,-0.098940,0.065309,0.042390,-0.093569,0.051179,0.057008,-0.106723,0.053590,0.036561,-0.092623,0.057008,0.055086,-0.082369,0.043855,0.038972,-0.076998,0.033631,0.072115,-0.097476,0.043367,0.058473,-0.120853,0.067262,0.029725,-0.087252,0.063844,0.048219,-0.091128,0.060426,-0.005860,-0.093569,0.068727,0.027283,-0.078463,0.063844,-0.003906,-0.107241,0.081881,-0.010224,-0.027314,0.105777,-0.066774,-0.063356,0.057497,-0.046296,0.011200,0.128177,-0.061922,-0.020936,0.030671,-0.085268,0.025819,0.084780,-0.039949,0.029725,-0.023408,-0.081881,0.032655,0.052644,0.006317,0.053590,0.004883,-0.113559,0.012665,-0.000488,0.028260,0.074556,-0.002930,-0.075045,-0.024384,-0.055055,0.029206,0.104800,0.012665,-0.031709,-0.040925,-0.100894,0.027283,0.089175,0.039491,0.042878,-0.081392,-0.093081,0.002411,0.048738,0.058473,0.089663,-0.067262,-0.094546,-0.035584,0.018525,0.077486,0.088198,-0.046296,-0.099429,-0.047761,-0.016571,0.090151,0.101840,-0.018525,-0.054567,-0.122348,-0.015595,0.080904,0.087221,0.020478,-0.046785,-0.115024,-0.030244,0.077028,0.099398,0.036073,-0.049226,-0.110660,-0.055543,0.091616,0.105746,0.043367,-0.058015,-0.132541,-0.028291,0.038026,0.116458,0.044343,-0.064333,-0.115512,-0.028748,0.052156,0.112552,0.056520,-0.081392,-0.117435,-0.037049,0.074556,0.124759,0.006806,-0.073580,-0.101870,-0.023896,0.098940,0.074556,0.021943,-0.094576,-0.104281,0.008270,0.101351,0.077974,-0.021943,-0.098940,-0.075045,0.040925,0.105746,0.049714,-0.055543,-0.129154,-0.017548,0.068697,0.091128,0.017060,-0.098940,-0.071627,0.000946,0.098452,0.080874,-0.049714,-0.122806,-0.043367,0.070162,0.113070,0.031190,-0.082369,-0.115512,0.026307,0.098452,0.055055,-0.017548,-0.108218,-0.051637,0.072603,0.092593,0.011689,-0.112582,-0.091616,0.038484,0.102816,0.039002,-0.058504,-0.100375,-0.011719,0.108188,0.083834,-0.039002,-0.105258,-0.059480,0.089693,0.092074,-0.016083,-0.083315,-0.096499,0.056032,0.083346,0.046754,-0.075045,-0.112582,0.018036,0.109164,0.049196,-0.068727,-0.099398,-0.024872,0.095522,0.085268,-0.047761,-0.117465,0.010712,0.068727,0.086733,-0.022889,-0.118930,-0.019501,0.063356,0.093569,0.006806,0.016083,-0.054109,0.102328,0.084322,-0.021454,-0.092104,-0.080416,0.062380,0.108188,-0.029237,-0.085299,-0.019013,0.040437,0.010224,-0.009735,0.014618,-0.040956,0.012665,-0.005829,0.004852,0.018525,0.002411,-0.020936,0.012665,0.002441,-0.004395,0.015595,0.006317,-0.006806,-0.003906,-0.008301,-0.005371,-0.006348,-0.021424,0.027772,-0.014618,0.013153,-0.027802,0.009278,0.007294,-0.006348,0.001465,0.011200,-0.003418,-0.017060,0.015595,0.000977,0.003906,0.004364,0.007813,0.005341,-0.010712,-0.003418,0.017548,-0.017548,0.026307,-0.018525,0.016541,-0.012177,-0.005860,0.001465,-0.002930,-0.006836,-0.000977,0.005371,-0.009278,0.013153,-0.001465,0.001465,-0.005371,-0.011689,0.009247,0.002441,-0.020966,0.011689,-0.013642,0.018494,-0.002441,-0.000977,0.006836,-0.003418,0.000977,0.018494,-0.001953,-0.001953,0.014130,-0.006806,-0.004883,0.007294,0.010742,0.019471,-0.013153,0.007294,0.030701,-0.016571,0.005860,-0.020478,0.009247,0.004852,-0.004395,0.015107,0.005371,-0.014161,0.000977,0.012177,-0.004395,0.012177,-0.001953,0.004395,0.007813,-0.016571,0.005829,0.012177,-0.017548,0.022431,-0.006836,0.017548,-0.011719,-0.008759,0.019013,-0.001953,-0.004883,0.006806,0.001953,-0.017060,0.010224,-0.007813,0.011200,0.009278,0.004364,0.011231,-0.005371,-0.012696,0.021943,-0.012696,0.018036,-0.010712,0.000946,0.010254,-0.011719,0.005371,0.004852,-0.010224,-0.008301,0.013153,-0.003906,0.005860,0.004852,-0.008789,-0.011200,0.022889,-0.010712,-0.004883,0.022431,-0.009766,0.011231,-0.012207,0.001465,0.019013,-0.019013,0.005341,0.000977,-0.006348,-0.012177,0.019471,-0.007294,0.004852,0.007294,-0.005341,-0.016083,0.011689,-0.018036,-0.015107,0.022400,-0.009247,0.005829,-0.008789,-0.006806,0.019013,-0.010254,0.006348,0.002899,-0.002441,-0.009735,0.011689,-0.009278,0.000000,0.005860,0.006348,0.000946,-0.005829,-0.004395,0.019959,-0.022431,0.021943,-0.003906,0.003876,-0.000977,-0.022889,0.013642,0.000458,-0.007294,0.002411,0.004395,-0.009278,0.010254,-0.002930,-0.004395,0.000000,0.016083,-0.018525,0.008270,0.010224,-0.016571,0.013642,-0.004395,0.000977,0.016053,-0.017060,0.019013,-0.009278,-0.004395,-0.002930,0.019501,-0.012696,0.009278,-0.012696,-0.006806,-0.003418,0.024842,-0.026307,0.001465,0.024354,-0.025849,0.006348,-0.001465,0.003388,0.010224,-0.016083,0.010254,0.000000,-0.004883,0.000977,0.005341,-0.020966,0.015107,0.000488,-0.004883,-0.005341,-0.007813,-0.008301,0.015595,-0.015595,0.022431,-0.003418,0.000458,0.006348,-0.022431,0.019990,-0.011719,0.007324,0.002441,0.008270,-0.020966,0.019501,0.007294,-0.000488,0.009247,0.008759,0.002441,0.002441,-0.019013,0.023377,-0.017548,0.003906,0.000000,-0.002930,0.011689,-0.028779,0.013153,-0.006348,-0.007813,-0.015107,0.021454,-0.013672,0.003418,-0.000488,-0.004395,0.000000,-0.010254,-0.001923,0.021912,-0.024872,0.016571,-0.005371,-0.016083,0.006836,-0.014618,0.006806,-0.000488,0.004852,0.000488,0.007324,-0.020478,0.018006,-0.001465,-0.006836,0.000000,0.010742,-0.012696,0.003906,0.002899,-0.032655,0.006348,0.004395,-0.003906,0.018494,-0.017060,0.027283,-0.011200,-0.004395,0.009247,0.006836,-0.009278,0.017548,-0.003906,-0.001465,0.000977,0.012177,-0.009278,0.009247,0.019501,-0.037049,0.006836,0.001923,-0.010224,0.020936,-0.026795,0.017548,-0.004883,0.001923,0.004883,0.008759,-0.020966,0.001465,-0.005829,-0.002441,-0.001953,0.009247,-0.005371,0.013642,-0.018036,0.021943,0.000000,-0.006348,0.009247,-0.011689,0.033631,-0.033631,0.002411,0.003906,0.001923,-0.015107,0.022919,-0.007324,-0.001953,0.017548,0.000488,-0.005371,0.005341,-0.005860,-0.002441,-0.000488,0.002930,-0.000977,-0.000977,0.006317,-0.006317,-0.000519,0.004395,0.001465,-0.003906,-0.001465,0.003388,0.004883,-0.012207,-0.000488,-0.010224,0.004395,-0.006348,-0.004883,0.000000,0.003388,0.011231,0.002411,0.002441,0.001465,0.001953,0.004364,0.002930,0.001465,-0.003906,-0.004395,0.006348,0.006806,0.002441,0.003388,0.000488,0.004395,-0.006836,-0.002930,0.006317,-0.004364,-0.001495,0.000977,0.003418,-0.007324,0.003906,0.002899,-0.007294,-0.000488,0.000946,0.007813,0.008270,-0.000977,-0.002930,-0.005371,0.002441,0.006317,0.000000,-0.002930,-0.007294,0.002899,-0.002930,0.004883,-0.000488,-0.000488,0.002899,-0.001465,-0.005860,-0.008759,-0.000488,0.004852,-0.000488,0.002441,-0.002441,-0.005371,-0.004883,0.002930,0.004852,0.011689,0.011689,-0.000977,-0.003906,0.007324,0.000977,0.000458,0.001953,0.000000,-0.000488,-0.000488,0.003876,0.013153,0.000977,-0.005371,-0.003876,0.000458,0.008789,0.000000,-0.001953,0.003876,0.005371,-0.002441,-0.001953,-0.002441,0.012177,-0.011719,-0.005829,-0.006836,-0.007813,-0.000488,-0.005860,0.000977,0.002930,0.000488,0.001923,0.000000,-0.001953,-0.005829,-0.005371,0.001923,0.007813,-0.000488,-0.000488,0.007294,0.000000,0.004395,-0.000488,-0.010742,0.000000,0.007324,0.003388,0.000977,-0.000488,0.003876,-0.009247,-0.012207,-0.004395,-0.002930,0.007324,-0.001953,-0.004395,0.006348,-0.008789,0.000488,-0.010254,-0.002441,0.003906,0.007782,-0.001465,-0.000488,0.012177,0.001465,0.000977,-0.007813,0.002930,0.002930,-0.004883,-0.007813,0.000488,-0.003418,0.001465,-0.007813,0.004395,-0.000977,0.000946,-0.000488,-0.005829,0.001923,-0.006806,0.007294,-0.002930,0.001953,-0.004395,-0.009278,-0.008301,0.003418,-0.011200,-0.001495,-0.001923,0.000458,-0.005341,-0.001007,0.005860,-0.004395,-0.001465,0.005341,0.003906,0.004364,-0.002930,-0.008759,0.006317,0.006348,0.000488,0.000000,0.005341,0.000000,-0.001953,0.006806,0.004883,0.003388,0.002930,0.003388,0.005371,-0.004395,-0.006348,0.007294,0.005860,0.014618,-0.007813,-0.001465,-0.004883,-0.003418,-0.002930,-0.002441,-0.005371,-0.004364,0.002411,-0.004852,0.003388,-0.004395,-0.004395,-0.006806,-0.004395,-0.005860,0.004852,-0.007813,-0.000488,-0.004852,-0.002441,-0.001495,-0.005829,0.003876,-0.003906,-0.012177,-0.010742,-0.006806,0.008759,0.006806,0.006348,-0.004395,0.006348,-0.005371,-0.005860,0.010224,0.000977,-0.002930,-0.004883,0.005371,-0.000977,0.001434,0.005371,0.001953,-0.000519,-0.003388,-0.006836,-0.003418,-0.003418,0.005371,-0.005371,0.000488,-0.008301,0.005371,-0.003906,-0.010254,0.001953,-0.010742,0.005371,-0.007813,-0.003418,-0.005341,0.004364,-0.002930,0.000000,-0.005860,-0.002930,-0.004395,0.009278,-0.001465,-0.004395,-0.003906,-0.005860,-0.006348,-0.002441,-0.016571,0.000000,0.004852,0.001465,-0.002441,0.000000,0.002441,0.005341,-0.003418,-0.000488,0.007324,-0.005860,0.003388,-0.008759,-0.005371,0.009735,-0.000977,0.000488,-0.001953,-0.003418,0.004395,-0.006836,0.005829,0.012696,0.009247,0.000977,0.002899,-0.010712,-0.006836,-0.001953,-0.001953,-0.006317,-0.004883,-0.006348,-0.005860,0.000977,-0.007813,0.002441,-0.003906,-0.000488,-0.004883,0.004883,-0.003418,-0.000488,-0.005371,-0.003906,0.000488,0.001465,-0.007813,0.001465,0.006806,0.001953,0.013642,0.000488,-0.002960,-0.003388,0.001923,-0.006806,-0.001495,0.001465,-0.001953,0.000000,-0.000977,0.003418,-0.007813,-0.004395,0.004883,0.004364,-0.016083,0.004883,-0.007324,0.000977,0.007782,0.006348,0.000488,-0.010254,-0.004852,-0.001495,-0.000977,-0.005860,0.005860,0.002930,0.004364,0.002441,-0.003418,-0.003906,0.000000,0.002930,-0.002930,0.006317,0.002930,-0.001953,-0.001465,-0.001465,-0.000977,0.008759,-0.000977,0.003876,0.003906,0.000000,0.007782,0.001465,-0.001465,-0.006836,0.002441,0.000000,-0.010712,0.000000,-0.007813,-0.008789,0.002930,-0.003418,0.000488,-0.002930,0.003876,-0.006806,-0.008789,0.006836,-0.003418,0.000000,0.005341,0.007324,0.009247,0.000000,0.014130,0.007294,0.002441,-0.006348,0.000000,0.009735,0.002441,-0.003906,-0.003906,0.001465,0.001465,-0.004883,0.004395,0.009735,0.006806,-0.001465,-0.015595,0.005341,0.000977,0.013642,0.000000,0.007813,0.000946,0.005860,0.002441,-0.006348,-0.008789,-0.004883,-0.002930,-0.003876,-0.009278,-0.002930,0.007294,-0.002441,-0.001953,-0.008270,0.012177,-0.001465,-0.007324,0.002930,-0.003418,0.001953,-0.002441,0.005829,0.003906,-0.007813,0.006317,0.001953,0.002930,0.000488,-0.004883,0.004395,0.000458,-0.004395,0.000977,-0.010224,0.003876,-0.012177,-0.002441,0.003876,0.005371,0.002930,0.002899,0.010254,0.005341,-0.001465,-0.002441,0.004364,-0.005829,0.001465,0.006806,-0.000488,-0.006348,-0.003418,0.006348,0.009247,0.004852,0.000977,0.000977,0.009247,0.015107,-0.004395,-0.010224,-0.007324,-0.003418,-0.001953,0.001465,-0.006348,0.000488,-0.013642,-0.002441,0.009735,-0.008301,0.002930,-0.001953,-0.003418,-0.008759,-0.000488,-0.008301,-0.001953,-0.002930,0.009278,0.001923,-0.002441,0.002930,0.000488,0.008270,0.000000,0.001465,-0.002441,-0.002441,-0.010742,0.000000,0.000977,-0.002441,-0.003906,0.003418,0.004364,0.002441,0.002930,0.000977,-0.001007,0.001953,-0.005860,0.005860,-0.011200,-0.008301,0.006806,0.003906,0.000977,-0.012696,-0.001953,-0.000977,0.004883,-0.003906,0.006317,-0.000977,0.007813,-0.005371,-0.001953,-0.005860,0.000000,0.000977,-0.010742,-0.007294,0.000000,0.004364,0.014130,0.003906,0.001953,-0.002930,-0.005860,0.003388,0.002441,0.006806,-0.004852,-0.001495,-0.000488,-0.007782,0.002411,0.002930,-0.009735,0.006317,-0.001953,0.004883,-0.001007,-0.005829,0.000000,0.007782,0.000000,0.003906,-0.003418,-0.004395,0.010224,-0.000488,0.003906,-0.005371,-0.001953,0.000000,-0.002930,0.003876,-0.005829,-0.009766,0.007813,0.002899,0.001465,0.000977,-0.003418,0.005371,-0.003906,0.006317,-0.004852,-0.005860,0.003388,-0.000977,0.004395,-0.007813,-0.000977,0.001465,-0.001953,-0.003418,-0.013642,-0.011689,-0.007324,0.005341,0.002930,0.005860,-0.004883,0.001923,-0.005341,0.002411,-0.012665,-0.000977,0.000977,-0.000488,0.001923,0.006836,0.008270,-0.001953,-0.004395,0.004852,0.000977,0.002441,-0.010742,-0.007294,0.005829,0.009735,-0.002441,0.004395,0.000488,0.001434,-0.009735,0.001465,-0.002930,0.003388,-0.001465,0.002441,0.000488,-0.008301,0.000000,-0.001953,0.002441,-0.002930,0.000488,-0.004395,0.004364,-0.001953,0.000977,-0.006348,0.002930,-0.004395,0.001953,-0.016083,-0.002930,-0.002930,-0.005860,0.002930,0.000458,0.000977,0.011689,-0.001465,-0.002930,0.010712,0.000977,-0.003906,0.007294,0.002441,-0.003418,0.010224,0.009278,-0.003418,0.000488,0.002411,0.003418,0.002441,0.000458,-0.006806,-0.000977,0.005341,0.005371,-0.010254,-0.004883,0.002441,0.001953,-0.001953,-0.003418,0.000977,0.006806,-0.001465,0.008270,-0.001465,0.004852,-0.011200,0.012177,0.000000,0.003906,-0.003418,0.002441,-0.000488,-0.005371,0.006317,-0.008759,-0.002930,-0.002930,0.003388,-0.005371,0.000488,-0.000977,0.006806,-0.000977,-0.005860,-0.000488,-0.013153,-0.003418,-0.007294,0.001923,0.006348,-0.003906,0.000977,-0.012696,0.003418,-0.006348,0.003388,0.003906,0.000977,0.003876,0.004883,-0.000488,0.002930,-0.007324,-0.001465,0.000946,0.003418,-0.010254,0.001465,-0.005829,0.001923,-0.002441,-0.000977,0.014130,0.001465,-0.000488,0.004395,0.000458,-0.007782,-0.001495,-0.010712,0.006317,-0.002441,0.005371,-0.009766,-0.000488,-0.001953,0.000000,0.001465,0.003418,-0.000488,0.000000,-0.000977,0.002411,0.008789,0.008270,-0.007813,-0.001465,-0.004883,0.003906,-0.006836,-0.003418,-0.002441,0.003906,0.003876,-0.000977,-0.000977,-0.001953,0.001465,0.001953,0.003388,0.000488,0.003906,0.005341,-0.012177,-0.003418,0.005829,-0.004395,-0.002930,-0.005341,0.000000,0.005341,-0.003906,0.014130,-0.002441,-0.004395,0.000977,-0.003418,-0.001465,-0.000977,-0.006348,-0.002930,0.001953,-0.005371,-0.017060,0.005341,-0.002930,0.005371,0.002899,-0.002930,-0.009735,-0.000977,0.005341,-0.010712,0.005829,0.004395,-0.004395,-0.010742,0.007324,-0.002441,-0.001465,-0.012207,0.003418,0.006806,0.004395,-0.001465,0.001923,0.001953,-0.005371,0.007782,0.005860,-0.008789,0.007324,-0.009278,-0.001465,0.004395,-0.004395,-0.002441,-0.003418,0.001465,0.000000,-0.013672,0.001465,-0.001465,-0.001953,0.003418,-0.005371,0.002441,-0.001953,0.000977,0.000458,-0.007782,0.005829,-0.004395,-0.009278,0.003906,0.000488,0.000977,0.000458,-0.003388,-0.004883,-0.003906,-0.002441,0.000000,-0.001465,-0.004883,-0.005371,-0.004395,-0.005829,0.000000,-0.005371,0.001465,0.004852,0.000000,0.003906,0.000946,0.004395,0.004852,-0.001923,-0.002960,0.002441,-0.000488,-0.003418,0.008301,-0.000519,0.001953,0.001953,-0.003418,0.000000,-0.000488,0.006806,-0.005371,0.001953,-0.000488,-0.001953,0.001465,-0.002441,0.004852,0.008301,0.000458,0.003906,0.008270,-0.000488,-0.001953,-0.003418,0.000488,0.009735,0.006806,-0.000977,-0.008270,-0.008301,0.008270,-0.003388,-0.002441,0.007294,0.001465,0.007782,0.003418,-0.000977,0.004852,0.000977,-0.002441,-0.004395,0.000000,-0.004883,-0.004852,0.000458,0.002441,-0.002930,-0.000488,0.000000,-0.000488,0.008270,-0.004883,-0.006806,-0.005860,-0.008301,0.001465,0.000000,-0.005860,-0.009735,0.000977,0.003388,0.002441,-0.001465,-0.004883,-0.004395,-0.000977,0.002930,-0.002441,-0.006348,0.008759,-0.002930,0.001465,-0.001953,-0.003418,0.002441,-0.007324,0.011231,0.000946,-0.004852,0.006317,0.004395,-0.000977,-0.004395,-0.004883,-0.000977,0.002930,0.000000,0.002411,-0.005829,0.006317,-0.005860,0.000977,0.000488,0.000488,0.000977,0.006806,0.010224,-0.012177,0.003388,0.000488,0.006317,-0.009735,0.006348,0.002411,0.002930,-0.000977,0.004395,0.002411,-0.003388,-0.009278,-0.001465,0.001923,-0.002930,-0.000977,0.000977,0.000000,0.007782,0.000000,-0.002441,-0.005829,0.003388,-0.009735,-0.000977,0.001434,0.005860,0.001465,-0.003906,0.000000,-0.002441,0.003906,-0.000519,0.005371,0.000488,-0.002930,-0.007324,0.000488,-0.014161,0.006836,-0.011231,0.001953,0.003388,0.000488,0.002441,-0.000488,-0.001953,-0.001495,-0.007782,0.000000,-0.001953,-0.001465,0.000946,0.003418,0.002930,-0.001953,0.005829,0.001465,0.002930,-0.014618,-0.000488,0.004852,0.004395,-0.005371,0.005860,-0.001953,-0.004883,0.002930,-0.004395,0.004364,-0.014130,0.000977,-0.002930,0.000977,0.005829,0.004852,-0.008270,0.000977,-0.001953,0.002441,-0.001007,0.000977,-0.001465,0.001465,-0.000977,0.000977,0.000946,0.007813,-0.002930,0.001923,-0.010712,-0.006836,-0.002930,-0.008759,-0.001953,0.008270,0.008759,0.001953,0.003388,-0.003388,-0.000519,-0.007294,-0.007813,0.005860,0.004852,-0.000488,0.001465,0.003876,0.001465,-0.000488,-0.001465,0.000488,0.000458,-0.001465,-0.005860,0.002441,0.005860,0.009247,-0.002441,-0.004395,-0.002441,-0.002930,-0.000977,0.003388,-0.009735,-0.001465,0.008759,-0.009278,-0.003876,-0.001495,0.000977,0.011689,0.007324,-0.002441,-0.007813,0.003388,0.001465,-0.004852,0.003388,0.009247,0.000977,0.003906,-0.010254,-0.003418,0.001953,-0.008759,0.005341,0.005860,0.008759,0.001923,0.004883,-0.007324,0.003906,0.001465,0.005341,-0.001953,-0.009735,-0.001465,-0.001465,-0.001495,0.001953,0.002930,-0.001465,-0.001495,0.006836,0.004852,-0.003418,0.004395,-0.000977,-0.010254,-0.000488,-0.007782,0.002899,-0.010712,0.005341,-0.008270,0.002930,0.001923,0.003906,0.002411,0.000000,-0.005829,0.001434,0.002441,0.009278,0.001923,0.008759,-0.007782,-0.004395,0.004852,0.006348,-0.006348,-0.008789,0.007324,0.002899,0.002930,0.005371,0.001923,-0.004395,0.004883,0.004364,-0.007294,-0.005371,0.000977,0.001923,0.006836,-0.007324,-0.000977,0.002930,0.003876,0.001465,-0.000488,-0.005860,-0.003906,-0.000977,-0.004395,-0.004395,-0.004852,0.010224,-0.004883,0.007782,-0.008270,-0.001953,-0.001953,-0.008789,-0.000977,-0.011689,-0.000488,0.003906,0.004852,0.005341,-0.009247,-0.003418,-0.003906,-0.001953,0.002441,-0.003418,-0.006348,0.001953,-0.003418,-0.005371,-0.013153,0.004395,0.006317,-0.004395,-0.005371,0.002441,-0.000488,-0.002930,-0.005371,0.000488,-0.007324,0.004395,-0.009735,-0.002960,0.001465,0.004883,0.000458,-0.022400,0.002411,-0.007294,0.006806,-0.001953,0.000977,0.000488,-0.001007,0.007324,0.003876,-0.001465,-0.012177,0.004364,0.002441,0.007324,-0.000488,0.011689,-0.001495,0.003418,0.000000,-0.001953,-0.000977,0.001923,-0.000488,0.001465,-0.003906,-0.005829,0.003388,0.005371,0.005341,0.000977,0.005341,-0.005371,0.000488,-0.001465,0.006806,-0.003388,0.000000,-0.003418,0.001923,-0.004395,-0.012665,0.005829,0.004883,0.008270,0.007813,0.011689,0.000000,-0.006348,-0.004883,0.001953,0.007782,0.000488,-0.001953,-0.000977,0.002411,-0.003388,0.000946,0.004395,0.004395,-0.009278,0.000977,0.004395,0.003388,0.009735,-0.003418,-0.001953,0.005371,-0.004883,-0.005371,0.002930,-0.000977,0.008759,0.013642,-0.008759,0.000458,-0.003388,0.000458,0.000000,-0.005341,0.000946,0.002930,-0.009735,0.002411,0.000488,0.002930,0.000488,0.011200,-0.004395,-0.000488,0.011200,-0.002441,0.003906,0.001923,0.004883,-0.005860,0.005371,-0.000519,0.002930,-0.005371,-0.000977,-0.003906,0.008301,0.000458,0.004395,-0.001465,0.007294,0.005371,-0.000977,-0.000488,-0.001495,-0.007782,0.003388,0.004852,0.000977,0.000000,-0.006348,0.004395,0.002930,-0.000488,-0.000488,-0.000977,-0.008301,0.000977,-0.004395,0.002441,0.007782,0.000977,-0.001953,-0.002930,0.001953,-0.002960,0.002441,-0.007813,-0.000488,0.003906,-0.009278,-0.000977,-0.003906,-0.001465,0.016083,0.000977,-0.006348,-0.006348,-0.000488,-0.001465,0.003876,0.003906,-0.003418,0.006317,-0.006806,0.002411,-0.008270,0.004852,-0.001953,-0.000488,-0.005341,0.010712,-0.002441,-0.000488,0.000977,0.004364,-0.003418,-0.001953,-0.001923,0.000946,0.000977,-0.004883,0.004395,0.005860,-0.010742,0.003418,0.002411,0.002930,-0.010712,-0.003418,0.003876,0.001465,0.003418,-0.002441,-0.000488,-0.008301,0.015595,-0.004883,0.000488,-0.005371,0.008789,-0.006836,-0.008301,0.001465,-0.003906,0.003906,-0.011200,-0.000488,-0.001953,0.003876,-0.000488,-0.012665,0.004364,0.002930,-0.004883,0.003906,0.002930,-0.003906,0.001465,-0.004883,-0.001953,0.000000,-0.009735,-0.000488,0.000000,-0.005371,-0.005860,-0.000977,0.004395,0.002411,-0.001465,0.001953,0.005829,0.001953,-0.004395,-0.001953,-0.003418,-0.001953,-0.006348,0.001465,-0.014618,0.000488,-0.003906,-0.000488,-0.002441,-0.006348,-0.004395,-0.004395,0.000488,0.008270,0.006806,-0.000488,-0.005829,0.007294,0.008270,-0.002930,-0.005860,-0.007294,0.002411,-0.001465,-0.001953,0.002441,0.005829,0.008301,-0.002441,0.003388,0.003906,0.001465,-0.004395,-0.006836,0.004395,0.004364,-0.007294,0.001434,0.001953,-0.013642,-0.001465,-0.002441,-0.003906,-0.003906,0.000488,-0.009278,0.009247,-0.005860,0.000488,-0.002441,0.004395,-0.002930,0.006317,0.002441,0.009247,0.000977,0.001953,-0.004883,-0.009247,0.009735,0.000458,0.012696,0.008270,-0.004395,0.003876,-0.010712,-0.004395,-0.000488,-0.000488,0.004852,0.004883,-0.002441,-0.005371,0.000000,0.004364,-0.015595,0.005860,-0.001953,0.009735,0.003388,-0.003388,-0.004395,-0.002930,0.002411,-0.004395,0.005860,-0.006836,-0.002441,-0.000977,-0.006348,-0.006348,0.008789,-0.008789,0.000977,0.002930,-0.002930,0.003388,0.007782,-0.005829,0.003876,0.003418,-0.000977,-0.002930,-0.001007,-0.006806,-0.002930,0.001465,0.006806,0.003906,0.001923,0.006348,-0.002930,-0.002930,-0.003906,0.001465,-0.000488,0.000000,0.010224,-0.005860,0.003388,-0.005341,0.000458,0.005371,0.002441,0.008270,0.003876,0.003906,0.001953,0.000458,-0.000977,-0.006836,-0.002441,0.004395,-0.006836,0.005371,-0.004883,-0.001465,-0.008789,0.005371,0.005829,-0.011689,0.005371,0.000946,-0.003906,0.000488,-0.005371,0.001465,-0.006806,-0.002930,-0.005860,0.003388,0.004395,0.006806,0.001953,-0.002930,0.002930,-0.001953,0.006806,-0.009278,-0.004395,0.002930,-0.000977,0.001465,-0.004883,0.011689,-0.000977,0.004395,-0.019013,-0.000488,0.003388,-0.002441,0.013642,-0.005371,-0.002441,0.004883,0.004364,-0.003388,0.006806,-0.001953,-0.000977,-0.013153,-0.014618,-0.005371,0.016083,-0.003418,0.015107,0.008270,-0.070680,-0.018036,0.090639,0.039002,-0.092135,-0.075533,0.018036,0.098422,0.020478,0.091616,-0.012696,0.011231,0.139377,0.043855,-0.068727,-0.090670,0.029725,0.108676,0.026795,-0.101351,-0.064821,0.040437,0.099429,0.003876,-0.103793,-0.054597,0.072145,0.094546,-0.009766,-0.104769,-0.039491,0.100894,0.070162,-0.045808,-0.104312,-0.010712,0.108676,0.048738,-0.082369,-0.091616,0.039460,0.105258,0.016083,-0.102816,-0.058992,0.080904,0.090151,-0.029237,-0.103823,-0.021454,0.097476,0.069673,-0.076021,-0.084322,0.023408,0.101840,0.003388,-0.108676,-0.048250,0.079439,0.075533,-0.054597,-0.102816,0.002441,0.103305,0.025330,-0.096499,-0.052614,0.081850,0.089663,-0.028748,-0.105288,0.000977,0.105258,0.025361,-0.086275,-0.061403,0.072115,0.073091,-0.044831,-0.104312,0.003418,0.110141,0.028748,-0.106753,-0.049226,0.086275,0.073580,-0.067751,-0.085268,0.046296,0.099398,-0.013153,-0.117465,-0.017060,0.104769,0.044343,-0.088198,-0.056550,0.061403,0.076998,-0.038972,-0.105777,0.027283,0.102359,0.000977,-0.104312,-0.017548,0.108188,0.034120,-0.080416,-0.052156,0.077486,0.056032,-0.070192,-0.085268,0.041413,0.099887,-0.019471,-0.105288,0.007324,0.103793,0.018036,-0.104800,-0.029725,0.105746,0.038972,-0.091616,-0.051668,0.090639,0.062380,-0.073091,-0.073122,0.062380,0.072634,-0.059480,-0.086245,0.045808,0.098422,-0.027772,-0.101382,0.006836,0.104281,-0.010254,-0.096468,-0.002960,0.106723,0.003906,-0.106234,-0.014161,0.110141,0.024354,-0.098422,-0.011719,0.116000,0.027772,-0.105288,-0.030213,0.107211,0.036073,-0.101382,-0.039002,0.100894,0.043855,-0.095034,-0.040956,0.096499,0.039949,-0.104769,-0.034608,0.098422,0.032166,-0.113070,-0.027772,0.099887,0.035096,-0.096987,-0.033143,0.095034,0.019959,-0.104281,-0.032655,0.102816,0.018525,-0.100405,-0.011231,0.105777,-0.000519,-0.105258,0.008759,0.091616,-0.018036,-0.096011,0.020966,0.094515,-0.037507,-0.094546,0.028748,0.091586,-0.057008,-0.083834,0.058961,0.082369,-0.074068,-0.056062,0.079928,0.047273,-0.090182,-0.038972,0.095492,0.024384,-0.098452,-0.016083,0.109652,-0.010742,-0.094058,0.024354,0.093569,-0.061403,-0.089693,0.061891,0.060915,-0.074068,-0.062868,0.096011,0.024842,-0.099429,-0.019990,0.105258,-0.000488,-0.096011,0.027283,0.084810,-0.049745,-0.080874,0.086733,0.057985,-0.093081,-0.041932,0.103823,0.012665,-0.102359,0.008759,0.098452,-0.048250,-0.082857,0.070162,0.050203,-0.085299,-0.035096,0.102359,0.018006,-0.100863,0.025330,0.083315,-0.056032,-0.063356,0.085268,0.048250,-0.103335,-0.017548,0.112552,-0.019959,-0.087740,0.061403,0.068697,-0.081850,-0.050691,0.095004,0.005371,-0.103335,0.039979,0.085757,-0.077974,-0.041444,0.094058,0.013642,-0.107211,0.023865,0.085787,-0.073122,-0.057497,0.107211,0.023377,-0.105777,0.016083,0.084322,-0.066774,-0.046785,0.105258,0.022889,-0.097476,0.024872,0.077944,-0.072115,-0.052644,0.102328,0.007324,-0.093569,0.035554,0.072603,-0.083803,-0.041444,0.105746,-0.003418,-0.096987,0.061403,0.046296,-0.092593,-0.005860,0.099429,-0.053132,-0.062868,0.084810,0.024354,-0.112582,0.019959,0.073122,-0.075075,-0.038972,0.099398,-0.009735,-0.077028,0.071169,0.045808,-0.103823,-0.004395,0.094058,-0.064333,-0.054567,0.098422,-0.001465,-0.088229,0.058961,0.049226,-0.092104,0.004395,0.095980,-0.075045,-0.053132,0.100894,-0.004883,-0.088686,0.061891,0.037995,-0.099917,0.006348,0.083346,-0.086275,-0.024872,0.100405,-0.034120,-0.061891,0.085757,0.014130,-0.084322,0.034608,0.047761,-0.103823,-0.003418,0.095522,-0.082857,-0.037019,0.101840,-0.030213,-0.066774,0.091616,0.013642,-0.088717,0.067262,0.039949,-0.097964,0.014130,0.075533,-0.083346,-0.019013,0.091616,-0.059938,-0.047273,0.091616,-0.023896,-0.071169,0.096011,0.011689,-0.094058,0.064333,0.034577,-0.105746,0.034577,0.057985,-0.095522,0.000488,0.085268,-0.077974,-0.016571,0.088229,-0.060945,-0.036073,0.102816,-0.024354,-0.062380,0.091128,-0.016083,-0.074587,0.081392,0.009278,-0.087252,0.076509,0.016083,-0.097476,0.057985,0.042878,-0.095522,0.034577,0.054109,-0.103335,0.033143,0.058473,-0.102328,0.009247,0.084780,-0.082827,0.000000,0.072115,-0.080416,-0.024842,0.097445,-0.074556,-0.012696,0.087740,-0.066286,-0.029237,0.095004,-0.070162,-0.019013,0.092562,-0.067232,-0.036073,0.097933,-0.056062,-0.033143,0.092104,-0.065798,-0.049714,0.092593,-0.066286,-0.028260,0.096499,-0.065309,-0.027802,0.096011,-0.073580,-0.021454,0.090151,-0.074099,-0.020447,0.082338,-0.067262,-0.022889,0.072603,-0.083346,-0.003906,0.084292,-0.075045,-0.011231,0.049226,-0.099429,0.016083,0.070650,-0.063844,0.036530,0.041444,-0.105777,0.017548,0.035554,-0.067232,0.077456,0.024384,-0.095553,0.033143,-0.008270,-0.052644,0.094058,0.020447,-0.049226,0.034120,-0.055086,-0.048738,0.089175,0.003906,0.007294,0.041902,-0.074556,-0.050203,0.054597,-0.012696,0.054597,0.055055,-0.086733,-0.035096,-0.011231,-0.023896,0.080416,0.059938,-0.058504,-0.022889,-0.069216,-0.041413,0.091586,0.058504,0.008270,-0.012207,-0.096987,-0.058473,0.046296,0.054597,0.061372,0.017060,-0.090639,-0.065309,0.003876,0.051668,0.103305,0.033143,-0.078463,-0.070680,-0.052644,0.043367,0.101351,0.057527,-0.045350,-0.095034,-0.078951,0.022431,0.110629,0.060915,-0.012696,-0.096011,-0.086733,0.002441,0.099398,0.084810,0.002411,-0.088198,-0.099917,-0.003418,0.080904,0.102816,0.023377,-0.079928,-0.098422,-0.017090,0.078463,0.096987,0.026307,-0.100405,-0.095522,-0.029237,0.082369,0.091586,0.016571,-0.097476,-0.104281,-0.022919,0.084810,0.096011,0.009735,-0.094058,-0.098940,-0.004395,0.098422,0.095034,0.000977,-0.095522,-0.088229,0.011689,0.104769,0.074556,-0.032166,-0.114017,-0.061922,0.051179,0.101351,0.056520,-0.062380,-0.108188,-0.044343,0.071138,0.106234,0.024354,-0.097964,-0.099429,0.005860,0.096957,0.085787,-0.030244,-0.110629,-0.061891,0.064333,0.106234,0.033112,-0.080385,-0.108218,-0.010224,0.090639,0.086245,-0.018525,-0.114505,-0.069216,0.052644,0.113528,0.036561,-0.081392,-0.102359,-0.005860,0.098940,0.074068,-0.035584,-0.122318,-0.047273,0.069185,0.099887,0.008789,-0.097964,-0.082857,0.021943,0.104769,0.052614,-0.072145,-0.096957,-0.012207,0.095522,0.071627,-0.036561,-0.109164,-0.047273,0.082369,0.079897,-0.009247,-0.106234,-0.060945,0.071138,0.094058,0.016571,-0.106723,-0.070192,0.038972,0.107211,0.033631,-0.081392,-0.076509,0.021912,0.112094,0.043367,-0.077486,-0.096987,0.008759,0.110629,0.048738,-0.079439,-0.093081,0.001923,0.102847,0.046266,-0.071138,-0.105777,0.003906,0.120853,0.058961,-0.060426,-0.091158,0.003906,0.099887,0.061891,-0.072603,-0.112094,0.005341,0.102816,0.063844,-0.078951,-0.094058,0.016083,0.097445,0.050203,-0.089175,-0.095522,0.027772,0.099887,0.036530,-0.089663,-0.084322,0.041902,0.112582,0.004364,-0.102328,-0.064821,0.071627,0.090639,-0.006836,-0.108676,-0.038972,0.093539,0.082857,-0.045320,-0.108188,-0.009766,0.102816,0.060915,-0.072603,-0.090639,0.027283,0.106723,0.010224,-0.100894,-0.064333,0.077974,0.091616,-0.020478,-0.112094,-0.037538,0.100405,0.071627,-0.066774,-0.098940,0.022431,0.100863,0.028260,-0.107211,-0.050203,0.071138,0.083834,-0.040467,-0.101840,-0.008301,0.103793,0.034120,-0.094058,-0.068239,0.062380,0.098452,-0.031709,-0.106723,-0.022919,0.104312,0.057985,-0.086275,-0.060915,0.062837,0.097476,-0.020478,-0.104769,-0.015107,0.105746,0.030701,-0.090182,-0.063356,0.071138,0.085787,-0.053621,-0.096499,0.000000,0.102359,0.018006,-0.096011,-0.047761,0.100375,0.066774,-0.080416,-0.089663,0.045289,0.099429,-0.016083,-0.097476,-0.007324,0.098940,0.025819,-0.104281,-0.053132,0.088198,0.077486,-0.073580,-0.077028,0.050203,0.085268,-0.029237,-0.101870,0.002930,0.106723,0.006806,-0.097933,-0.021943,0.085268,0.036073,-0.102359,-0.049714,0.083346,0.060426,-0.085787,-0.068727,0.068239,0.085757,-0.057039,-0.090151,0.029725,0.085268,-0.034120,-0.099887,0.018006,0.101870,-0.005860,-0.103823,0.003418,0.102816,0.022889,-0.098452,-0.028748,0.101840,0.036073,-0.100894,-0.043855,0.102328,0.038972,-0.087221,-0.045320,0.096011,0.055055,-0.096011,-0.050203,0.094058,0.066744,-0.095034,-0.065767,0.080385,0.054597,-0.082857,-0.065798,0.074556,0.066286,-0.087740,-0.064333,0.087221,0.061403,-0.091128,-0.053621,0.086245,0.056550,-0.090182,-0.051179,0.095522,0.046296,-0.099917,-0.040437,0.091128,0.038484,-0.100375,-0.029755,0.099917,0.029237,-0.099917,-0.024842,0.114505,0.006806,-0.093569,0.009278,0.104769,-0.002930,-0.105288,0.034120,0.097445,-0.041413,-0.091616,0.053102,0.072115,-0.059450,-0.076509,0.081850,0.059938,-0.086733,-0.045320,0.083803,0.044831,-0.103305,-0.020966,0.100375,0.013642,-0.090151,0.008759,0.098452,-0.026337,-0.092104,0.047761,0.085757,-0.061891,-0.073091,0.080874,0.057008,-0.089175,-0.041444,0.099429,0.026795,-0.099887,0.001923,0.090151,-0.038972,-0.085299,0.063844,0.073580,-0.078951,-0.049714,0.095522,0.023377,-0.100894,-0.007294,0.094027,-0.027283,-0.081881,0.060426,0.068727,-0.078951,-0.041902,0.096957,0.019501,-0.097964,0.005829,0.089693,-0.047273,-0.087252,0.072603,0.067262,-0.096011,-0.021454,0.104281,-0.006806,-0.091647,0.050203,0.082369,-0.090182,-0.052156,0.108188,0.020966,-0.100894,0.028260,0.088198,-0.044831,-0.064821,0.102328,0.023408,-0.092135,0.011231,0.086245,-0.054109,-0.073580,0.087710,0.039460,-0.095522,0.008301
